-3.14e0 -3.14e0 3.0158095e-1 3.0158095e-1
-2.9789761e0 -3.14e0 4.461388e-1 4.461388e-1
-2.8179523e0 -3.14e0 5.5730666e-1 5.5730666e-1
-2.6569284e0 -3.14e0 6.3561964e-1 6.3561964e-1
-2.4959045e0 -3.14e0 6.8447499e-1 6.8447499e-1
-2.3348807e0 -3.14e0 7.0918555e-1 7.0918555e-1
-2.1738568e0 -3.14e0 7.1654451e-1 7.1654451e-1
-2.012833e0 -3.14e0 7.1363397e-1 7.1363397e-1
-1.8518091e0 -3.14e0 7.0689174e-1 7.0689174e-1
-1.6907852e0 -3.14e0 7.0138715e-1 7.0138715e-1
-1.5297614e0 -3.14e0 7.0011597e-1 7.0011597e-1
-1.3687375e0 -3.14e0 7.0375449e-1 7.0375449e-1
-1.2077136e0 -3.14e0 7.1042735e-1 7.1042735e-1
-1.0466898e0 -3.14e0 7.1599968e-1 7.1599968e-1
-8.856659e-1 -3.14e0 7.1452351e-1 7.1452351e-1
-7.24642e-1 -3.14e0 6.9917679e-1 6.9917679e-1
-5.636182e-1 -3.14e0 6.6296136e-1 6.6296136e-1
-4.025943e-1 -3.14e0 5.996571e-1 5.996571e-1
-2.415704e-1 -3.14e0 5.0484521e-1 5.0484521e-1
-8.05466e-2 -3.14e0 3.765414e-1 3.765414e-1
8.04773e-2 -3.14e0 2.1573662e-1 2.1573662e-1
2.415012e-1 -3.14e0 2.653276e-2 2.653276e-2
4.02525e-1 -3.14e0 -1.8382013e-1 -1.8382013e-1
5.635489e-1 -3.14e0 -4.0537134e-1 -4.0537134e-1
7.245728e-1 -3.14e0 -6.2636475e-1 -6.2636475e-1
8.855966e-1 -3.14e0 -8.339565e-1 -8.339565e-1
1.0466205e0 -3.14e0 -1.01540274e0 -1.01540274e0
1.2076443e0 -3.14e0 -1.1589983e0 -1.1589983e0
1.3686682e0 -3.14e0 -1.25536836e0 -1.25536836e0
1.5296921e0 -3.14e0 -1.29806097e0 -1.29806097e0
1.690716e0 -3.14e0 -1.28416216e0 -1.28416216e0
1.8517398e0 -3.14e0 -1.21459674e0 -1.21459674e0
2.0127637e0 -3.14e0 -1.09407588e0 -1.09407588e0
2.1737875e0 -3.14e0 -9.3060855e-1 -9.3060855e-1
2.3348114e0 -3.14e0 -7.3483759e-1 -7.3483759e-1
2.4958353e0 -3.14e0 -5.1908298e-1 -5.1908298e-1
2.6568591e0 -3.14e0 -2.9622061e-1 -2.9622061e-1
2.817883e0 -3.14e0 -7.877773e-2 -7.877773e-2
2.9789069e0 -3.14e0 1.2230724e-1 1.2230724e-1
3.1399307e0 -3.14e0 2.9834102e-1 2.9834102e-1

-3.14e0 -2.9789761e0 3.0155994e-1 3.0155994e-1
-2.9789761e0 -2.9789761e0 4.4400035e-1 4.4400035e-1
-2.8179523e0 -2.9789761e0 5.5310588e-1 5.5310588e-1
-2.6569284e0 -2.9789761e0 6.2946536e-1 6.2946536e-1
-2.4959045e0 -2.9789761e0 6.7652588e-1 6.7652588e-1
-2.3348807e0 -2.9789761e0 6.996482e-1 6.996482e-1
-2.1738568e0 -2.9789761e0 7.0566542e-1 7.0566542e-1
-2.012833e0 -2.9789761e0 7.0169424e-1 7.0169424e-1
-1.8518091e0 -2.9789761e0 6.9420024e-1 6.9420024e-1
-1.6907852e0 -2.9789761e0 6.8827228e-1 6.8827228e-1
-1.5297614e0 -2.9789761e0 6.8691774e-1 6.8691774e-1
-1.3687375e0 -2.9789761e0 6.9081398e-1 6.9081398e-1
-1.2077136e0 -2.9789761e0 6.9807932e-1 6.9807932e-1
-1.0466898e0 -2.9789761e0 7.0456313e-1 7.0456313e-1
-8.856659e-1 -2.9789761e0 7.0429514e-1 7.0429514e-1
-7.24642e-1 -2.9789761e0 6.904208e-1 6.904208e-1
-5.636182e-1 -2.9789761e0 6.5590419e-1 6.5590419e-1
-4.025943e-1 -2.9789761e0 5.9448169e-1 5.9448169e-1
-2.415704e-1 -2.9789761e0 5.0168538e-1 5.0168538e-1
-8.05466e-2 -2.9789761e0 3.7547879e-1 3.7547879e-1
8.04773e-2 -2.9789761e0 2.1679843e-1 2.1679843e-1
2.415012e-1 -2.9789761e0 2.96918e-2 2.96918e-2
4.02525e-1 -2.9789761e0 -1.7864525e-1 -1.7864525e-1
5.635489e-1 -2.9789761e0 -3.983151e-1 -3.983151e-1
7.245728e-1 -2.9789761e0 -6.1760942e-1 -6.1760942e-1
8.855966e-1 -2.9789761e0 -8.2372853e-1 -8.2372853e-1
1.0466205e0 -2.9789761e0 -1.00396658e0 -1.00396658e0
1.2076443e0 -2.9789761e0 -1.1466504e0 -1.1466504e0
1.3686682e0 -2.9789761e0 -1.24242812e0 -1.24242812e0
1.5296921e0 -2.9789761e0 -1.28486275e0 -1.28486275e0
1.690716e0 -2.9789761e0 -1.27104755e0 -1.27104755e0
1.8517398e0 -2.9789761e0 -1.20190524e0 -1.20190524e0
2.0127637e0 -2.9789761e0 -1.08213577e0 -1.08213577e0
2.1737875e0 -2.9789761e0 -9.197288e-1 -9.197288e-1
2.3348114e0 -2.9789761e0 -7.2529958e-1 -7.2529958e-1
2.4958353e0 -2.9789761e0 -5.1113333e-1 -5.1113333e-1
2.6568591e0 -2.9789761e0 -2.9006554e-1 -2.9006554e-1
2.817883e0 -2.9789761e0 -7.457602e-2 -7.457602e-2
2.9789069e0 -2.9789761e0 1.2444646e-1 1.2444646e-1
3.1399307e0 -2.9789761e0 2.9836282e-1 2.9836282e-1

-3.14e0 -2.8179523e0 3.0149835e-1 3.0149835e-1
-2.9789761e0 -2.8179523e0 4.3773074e-1 4.3773074e-1
-2.8179523e0 -2.8179523e0 5.4078973e-1 5.4078973e-1
-2.6569284e0 -2.8179523e0 6.1142183e-1 6.1142183e-1
-2.4959045e0 -2.8179523e0 6.532201e-1 6.532201e-1
-2.3348807e0 -2.8179523e0 6.7168591e-1 6.7168591e-1
-2.1738568e0 -2.8179523e0 6.7376932e-1 6.7376932e-1
-2.012833e0 -2.8179523e0 6.6668852e-1 6.6668852e-1
-1.8518091e0 -2.8179523e0 6.5699039e-1 6.5699039e-1
-1.6907852e0 -2.8179523e0 6.4982112e-1 6.4982112e-1
-1.5297614e0 -2.8179523e0 6.482222e-1 6.482222e-1
-1.3687375e0 -2.8179523e0 6.5287405e-1 6.5287405e-1
-1.2077136e0 -2.8179523e0 6.6187643e-1 6.6187643e-1
-1.0466898e0 -2.8179523e0 6.7103262e-1 6.7103262e-1
-8.856659e-1 -2.8179523e0 6.7430688e-1 6.7430688e-1
-7.24642e-1 -2.8179523e0 6.6474939e-1 6.6474939e-1
-5.636182e-1 -2.8179523e0 6.3521346e-1 6.3521346e-1
-4.025943e-1 -2.8179523e0 5.7930804e-1 5.7930804e-1
-2.415704e-1 -2.8179523e0 4.9242116e-1 4.9242116e-1
-8.05466e-2 -2.8179523e0 3.7236334e-1 3.7236334e-1
8.04773e-2 -2.8179523e0 2.1991154e-1 2.1991154e-1
2.415012e-1 -2.8179523e0 3.89537e-2 3.89537e-2
4.02525e-1 -2.8179523e0 -1.6347316e-1 -1.6347316e-1
5.635489e-1 -2.8179523e0 -3.7762708e-1 -3.7762708e-1
7.245728e-1 -2.8179523e0 -5.9193994e-1 -5.9193994e-1
8.855966e-1 -2.8179523e0 -7.9374142e-1 -7.9374142e-1
1.0466205e0 -2.8179523e0 -9.7043724e-1 -9.7043724e-1
1.2076443e0 -2.8179523e0 -1.11044792e0 -1.11044792e0
1.3686682e0 -2.8179523e0 -1.20448897e0 -1.20448897e0
1.5296921e0 -2.8179523e0 -1.2461672e0 -1.2461672e0
1.690716e0 -2.8179523e0 -1.23259717e0 -1.23259717e0
1.8517398e0 -2.8179523e0 -1.16469539e0 -1.16469539e0
2.0127637e0 -2.8179523e0 -1.04712888e0 -1.04712888e0
2.1737875e0 -2.8179523e0 -8.8783076e-1 -8.8783076e-1
2.3348114e0 -2.8179523e0 -6.9733534e-1 -6.9733534e-1
2.4958353e0 -2.8179523e0 -4.87826e-1 -4.87826e-1
2.6568591e0 -2.8179523e0 -2.7201968e-1 -2.7201968e-1
2.817883e0 -2.8179523e0 -6.225717e-2 -6.225717e-2
2.9789069e0 -2.8179523e0 1.307184e-1 1.307184e-1
3.1399307e0 -2.8179523e0 2.9842673e-1 2.9842673e-1

-3.14e0 -2.6569284e0 3.0139781e-1 3.0139781e-1
-2.9789761e0 -2.6569284e0 4.2749344e-1 4.2749344e-1
-2.8179523e0 -2.6569284e0 5.206794e-1 5.206794e-1
-2.6569284e0 -2.6569284e0 5.8195956e-1 5.8195956e-1
-2.4959045e0 -2.6569284e0 6.1516539e-1 6.1516539e-1
-2.3348807e0 -2.6569284e0 6.2602786e-1 6.2602786e-1
-2.1738568e0 -2.6569284e0 6.2168799e-1 6.2168799e-1
-2.012833e0 -2.6569284e0 6.0952963e-1 6.0952963e-1
-1.8518091e0 -2.6569284e0 5.9623251e-1 5.9623251e-1
-1.6907852e0 -2.6569284e0 5.8703639e-1 5.8703639e-1
-1.5297614e0 -2.6569284e0 5.8503844e-1 5.8503844e-1
-1.3687375e0 -2.6569284e0 5.9092409e-1 5.9092409e-1
-1.2077136e0 -2.6569284e0 6.027628e-1 6.027628e-1
-1.0466898e0 -2.6569284e0 6.1628255e-1 6.1628255e-1
-8.856659e-1 -2.6569284e0 6.2534074e-1 6.2534074e-1
-7.24642e-1 -2.6569284e0 6.2283199e-1 6.2283199e-1
-5.636182e-1 -2.6569284e0 6.0142873e-1 6.0142873e-1
-4.025943e-1 -2.6569284e0 5.5453186e-1 5.5453186e-1
-2.415704e-1 -2.6569284e0 4.7729414e-1 4.7729414e-1
-8.05466e-2 -2.6569284e0 3.6727632e-1 3.6727632e-1
8.04773e-2 -2.6569284e0 2.2499478e-1 2.2499478e-1
2.415012e-1 -2.6569284e0 5.407692e-2 5.407692e-2
4.02525e-1 -2.6569284e0 -1.386995e-1 -1.386995e-1
5.635489e-1 -2.6569284e0 -3.4384676e-1 -3.4384676e-1
7.245728e-1 -2.6569284e0 -5.5002571e-1 -5.5002571e-1
8.855966e-1 -2.6569284e0 -7.4477719e-1 -7.4477719e-1
1.0466205e0 -2.6569284e0 -9.1568906e-1 -9.1568906e-1
1.2076443e0 -2.6569284e0 -1.05133492e0 -1.05133492e0
1.3686682e0 -2.6569284e0 -1.14254028e0 -1.14254028e0
1.5296921e0 -2.6569284e0 -1.18298344e0 -1.18298344e0
1.690716e0 -2.6569284e0 -1.1698137e0 -1.1698137e0
1.8517398e0 -2.6569284e0 -1.10393752e0 -1.10393752e0
2.0127637e0 -2.6569284e0 -9.899681e-1 -9.899681e-1
2.1737875e0 -2.6569284e0 -8.3574626e-1 -8.3574626e-1
2.3348114e0 -2.6569284e0 -6.5167413e-1 -6.5167413e-1
2.4958353e0 -2.6569284e0 -4.4976877e-1 -4.4976877e-1
2.6568591e0 -2.6569284e0 -2.4255362e-1 -2.4255362e-1
2.817883e0 -2.6569284e0 -4.214241e-2 -4.214241e-2
2.9789069e0 -2.6569284e0 1.409595e-1 1.409595e-1
3.1399307e0 -2.6569284e0 2.9853107e-1 2.9853107e-1

-3.14e0 -2.4959045e0 3.012609e-1 3.012609e-1
-2.9789761e0 -2.4959045e0 4.1355397e-1 4.1355397e-1
-2.8179523e0 -2.4959045e0 4.9329645e-1 4.9329645e-1
-2.6569284e0 -2.4959045e0 5.4184267e-1 5.4184267e-1
-2.4959045e0 -2.4959045e0 5.6334874e-1 5.6334874e-1
-2.3348807e0 -2.4959045e0 5.6385822e-1 5.6385822e-1
-2.1738568e0 -2.4959045e0 5.5077216e-1 5.5077216e-1
-2.012833e0 -2.4959045e0 5.3170003e-1 5.3170003e-1
-1.8518091e0 -2.4959045e0 5.1350241e-1 5.1350241e-1
-1.6907852e0 -2.4959045e0 5.0154646e-1 5.0154646e-1
-1.5297614e0 -2.4959045e0 4.9900514e-1 4.9900514e-1
-1.3687375e0 -2.4959045e0 5.065708e-1 5.065708e-1
-1.2077136e0 -2.4959045e0 5.2227155e-1 5.2227155e-1
-1.0466898e0 -2.4959045e0 5.4173288e-1 5.4173288e-1
-8.856659e-1 -2.4959045e0 5.5866669e-1 5.5866669e-1
-7.24642e-1 -2.4959045e0 5.6575574e-1 5.6575574e-1
-5.636182e-1 -2.4959045e0 5.5542621e-1 5.5542621e-1
-4.025943e-1 -2.4959045e0 5.2079573e-1 5.2079573e-1
-2.415704e-1 -2.4959045e0 4.5669666e-1 4.5669666e-1
-8.05466e-2 -2.4959045e0 3.6034964e-1 3.6034964e-1
8.04773e-2 -2.4959045e0 2.319163e-1 2.319163e-1
2.415012e-1 -2.4959045e0 7.466925e-2 7.466925e-2
4.02525e-1 -2.4959045e0 -1.049668e-1 -1.049668e-1
5.635489e-1 -2.4959045e0 -2.9785028e-1 -2.9785028e-1
7.245728e-1 -2.4959045e0 -4.9295377e-1 -4.9295377e-1
8.855966e-1 -2.4959045e0 -6.7810573e-1 -6.7810573e-1
1.0466205e0 -2.4959045e0 -8.4114197e-1 -8.4114197e-1
1.2076443e0 -2.4959045e0 -9.7084453e-1 -9.7084453e-1
1.3686682e0 -2.4959045e0 -1.05818874e0 -1.05818874e0
1.5296921e0 -2.4959045e0 -1.09695015e0 -1.09695015e0
1.690716e0 -2.4959045e0 -1.0843255e0 -1.0843255e0
1.8517398e0 -2.4959045e0 -1.02120741e0 -1.02120741e0
2.0127637e0 -2.4959045e0 -9.1213593e-1 -9.1213593e-1
2.1737875e0 -2.4959045e0 -7.6482613e-1 -7.6482613e-1
2.3348114e0 -2.4959045e0 -5.8950018e-1 -5.8950018e-1
2.4958353e0 -2.4959045e0 -3.9794867e-1 -3.9794867e-1
2.6568591e0 -2.4959045e0 -2.0243156e-1 -2.0243156e-1
2.817883e0 -2.4959045e0 -1.475342e-2 -1.475342e-2
2.9789069e0 -2.4959045e0 1.5490414e-1 1.5490414e-1
3.1399307e0 -2.4959045e0 2.9867316e-1 2.9867316e-1

-3.14e0 -2.3348807e0 3.0109102e-1 3.0109102e-1
-2.9789761e0 -2.3348807e0 3.962587e-1 3.962587e-1
-2.8179523e0 -2.3348807e0 4.593213e-1 4.593213e-1
-2.6569284e0 -2.3348807e0 4.9206802e-1 4.9206802e-1
-2.4959045e0 -2.3348807e0 4.9905772e-1 4.9905772e-1
-2.3348807e0 -2.3348807e0 4.8672183e-1 4.8672183e-1
-2.1738568e0 -2.3348807e0 4.6278403e-1 4.6278403e-1
-2.012833e0 -2.3348807e0 4.3513371e-1 4.3513371e-1
-1.8518091e0 -2.3348807e0 4.1085582e-1 4.1085582e-1
-1.6907852e0 -2.3348807e0 3.9547566e-1 3.9547566e-1
-1.5297614e0 -2.3348807e0 3.9226018e-1 3.9226018e-1
-1.3687375e0 -2.3348807e0 4.0191028e-1 4.0191028e-1
-1.2077136e0 -2.3348807e0 4.2240279e-1 4.2240279e-1
-1.0466898e0 -2.3348807e0 4.4923611e-1 4.4923611e-1
-8.856659e-1 -2.3348807e0 4.759415e-1 4.759415e-1
-7.24642e-1 -2.3348807e0 4.9493893e-1 4.9493893e-1
-5.636182e-1 -2.3348807e0 4.9834904e-1 4.9834904e-1
-4.025943e-1 -2.3348807e0 4.7893793e-1 4.7893793e-1
-2.415704e-1 -2.3348807e0 4.311405e-1 4.311405e-1
-8.05466e-2 -2.3348807e0 3.5175542e-1 3.5175542e-1
8.04773e-2 -2.3348807e0 2.405041e-1 2.405041e-1
2.415012e-1 -2.3348807e0 1.0021898e-1 1.0021898e-1
4.02525e-1 -2.3348807e0 -6.311328e-2 -6.311328e-2
5.635489e-1 -2.3348807e0 -2.407806e-1 -2.407806e-1
7.245728e-1 -2.3348807e0 -4.2214232e-1 -4.2214232e-1
8.855966e-1 -2.3348807e0 -5.9538374e-1 -5.9538374e-1
1.0466205e0 -2.3348807e0 -7.4864839e-1 -7.4864839e-1
1.2076443e0 -2.3348807e0 -8.7097685e-1 -8.7097685e-1
1.3686682e0 -2.3348807e0 -9.5353036e-1 -9.5353036e-1
1.5296921e0 -2.3348807e0 -9.9020518e-1 -9.9020518e-1
1.690716e0 -2.3348807e0 -9.7825682e-1 -9.7825682e-1
1.8517398e0 -2.3348807e0 -9.1856082e-1 -9.1856082e-1
2.0127637e0 -2.3348807e0 -8.155664e-1 -8.155664e-1
2.1737875e0 -2.3348807e0 -6.7683266e-1 -6.7683266e-1
2.3348114e0 -2.3348807e0 -5.1235844e-1 -5.1235844e-1
2.4958353e0 -2.3348807e0 -3.336534e-1 -3.336534e-1
2.6568591e0 -2.3348807e0 -1.5265051e-1 -1.5265051e-1
2.817883e0 -2.3348807e0 1.922922e-2 1.922922e-2
2.9789069e0 -2.3348807e0 1.7220581e-1 1.7220581e-1
3.1399307e0 -2.3348807e0 2.9884944e-1 2.9884944e-1

-3.14e0 -2.1738568e0 3.008927e-1 3.008927e-1
-2.9789761e0 -2.1738568e0 3.760674e-1 3.760674e-1
-2.8179523e0 -2.1738568e0 4.1965718e-1 4.1965718e-1
-2.6569284e0 -2.1738568e0 4.3395885e-1 4.3395885e-1
-2.4959045e0 -2.1738568e0 4.240015e-1 4.240015e-1
-2.3348807e0 -2.1738568e0 3.9666933e-1 3.9666933e-1
-2.1738568e0 -2.1738568e0 3.6006271e-1 3.6006271e-1
-2.012833e0 -2.1738568e0 3.2239781e-1 3.2239781e-1
-1.8518091e0 -2.1738568e0 2.9102156e-1 2.9102156e-1
-1.6907852e0 -2.1738568e0 2.716438e-1 2.716438e-1
-1.5297614e0 -2.1738568e0 2.6764128e-1 2.6764128e-1
-1.3687375e0 -2.1738568e0 2.7972484e-1 2.7972484e-1
-1.2077136e0 -2.1738568e0 3.058115e-1 3.058115e-1
-1.0466898e0 -2.1738568e0 3.4125119e-1 3.4125119e-1
-8.856659e-1 -2.1738568e0 3.7936436e-1 3.7936436e-1
-7.24642e-1 -2.1738568e0 4.122642e-1 4.122642e-1
-5.636182e-1 -2.1738568e0 4.3171457e-1 4.3171457e-1
-4.025943e-1 -2.1738568e0 4.3007126e-1 4.3007126e-1
-2.415704e-1 -2.1738568e0 4.0130511e-1 4.0130511e-1
-8.05466e-2 -2.1738568e0 3.4172214e-1 3.4172214e-1
8.04773e-2 -2.1738568e0 2.5052989e-1 2.5052989e-1
2.415012e-1 -2.1738568e0 1.300469e-1 1.300469e-1
4.02525e-1 -2.1738568e0 -1.425159e-2 -1.425159e-2
5.635489e-1 -2.1738568e0 -1.7415486e-1 -1.7415486e-1
7.245728e-1 -2.1738568e0 -3.3947382e-1 -3.3947382e-1
8.855966e-1 -2.1738568e0 -4.9881036e-1 -4.9881036e-1
1.0466205e0 -2.1738568e0 -6.4066719e-1 -6.4066719e-1
1.2076443e0 -2.1738568e0 -7.5438681e-1 -7.5438681e-1
1.3686682e0 -2.1738568e0 -8.3134743e-1 -8.3134743e-1
1.5296921e0 -2.1738568e0 -8.6558629e-1 -8.6558629e-1
1.690716e0 -2.1738568e0 -8.5442746e-1 -8.5442746e-1
1.8517398e0 -2.1738568e0 -7.9872656e-1 -7.9872656e-1
2.0127637e0 -2.1738568e0 -7.0282678e-1 -7.0282678e-1
2.1737875e0 -2.1738568e0 -5.7410509e-1 -5.7410509e-1
2.3348114e0 -2.1738568e0 -4.222997e-1 -4.222997e-1
2.4958353e0 -2.1738568e0 -2.5859218e-1 -2.5859218e-1
2.6568591e0 -2.1738568e0 -9.453386e-2 -9.453386e-2
2.817883e0 -2.1738568e0 5.890207e-2 5.890207e-2
2.9789069e0 -2.1738568e0 1.9240459e-1 1.9240459e-1
3.1399307e0 -2.1738568e0 2.9905524e-1 2.9905524e-1

-3.14e0 -2.012833e0 3.0067111e-1 3.0067111e-1
-2.9789761e0 -2.012833e0 3.535078e-1 3.535078e-1
-2.8179523e0 -2.012833e0 3.7534068e-1 3.7534068e-1
-2.6569284e0 -2.012833e0 3.690338e-1 3.690338e-1
-2.4959045e0 -2.012833e0 3.4014159e-1 3.4014159e-1
-2.3348807e0 -2.012833e0 2.9605417e-1 2.9605417e-1
-2.1738568e0 -2.012833e0 2.4529276e-1 2.4529276e-1
-2.012833e0 -2.012833e0 1.9643863e-1 1.9643863e-1
-1.8518091e0 -2.012833e0 1.571314e-1 1.571314e-1
-1.6907852e0 -2.012833e0 1.3328714e-1 1.3328714e-1
-1.5297614e0 -2.012833e0 1.2840527e-1 1.2840527e-1
-1.3687375e0 -2.012833e0 1.4320773e-1 1.4320773e-1
-1.2077136e0 -2.012833e0 1.7554468e-1 1.7554468e-1
-1.0466898e0 -2.012833e0 2.2060023e-1 2.2060023e-1
-8.856659e-1 -2.012833e0 2.7145927e-1 2.7145927e-1
-7.24642e-1 -2.012833e0 3.1989217e-1 3.1989217e-1
-5.636182e-1 -2.012833e0 3.5726425e-1 3.5726425e-1
-4.025943e-1 -2.012833e0 3.7547278e-1 3.7547278e-1
-2.415704e-1 -2.012833e0 3.679702e-1 3.679702e-1
-8.05466e-2 -2.012833e0 3.3051202e-1 3.3051202e-1
8.04773e-2 -2.012833e0 2.6173166e-1 2.6173166e-1
2.415012e-1 -2.012833e0 1.6337346e-1 1.6337346e-1
4.02525e-1 -2.012833e0 4.034131e-2 4.034131e-2
5.635489e-1 -2.012833e0 -9.971431e-2 -9.971431e-2
7.245728e-1 -2.012833e0 -2.4710876e-1 -2.4710876e-1
8.855966e-1 -2.012833e0 -3.9090947e-1 -3.9090947e-1
1.0466205e0 -2.012833e0 -5.200204e-1 -5.200204e-1
1.2076443e0 -2.012833e0 -6.241214e-1 -6.241214e-1
1.3686682e0 -2.012833e0 -6.9483313e-1 -6.9483313e-1
1.5296921e0 -2.012833e0 -7.2635028e-1 -7.2635028e-1
1.690716e0 -2.012833e0 -7.160736e-1 -7.160736e-1
1.8517398e0 -2.012833e0 -6.648364e-1 -6.648364e-1
2.0127637e0 -2.012833e0 -5.7686342e-1 -5.7686342e-1
2.1737875e0 -2.012833e0 -4.5932816e-1 -4.5932816e-1
2.3348114e0 -2.012833e0 -3.2167757e-1 -3.2167757e-1
2.4958353e0 -2.012833e0 -1.747267e-1 -1.747267e-1
2.6568591e0 -2.012833e0 -2.960045e-2 -2.960045e-2
2.817883e0 -2.012833e0 1.0322833e-1 1.0322833e-1
2.9789069e0 -2.012833e0 2.1497255e-1 2.1497255e-1
3.1399307e0 -2.012833e0 2.9928519e-1 2.9928519e-1

-3.14e0 -1.8518091e0 3.0043188e-1 3.0043188e-1
-2.9789761e0 -1.8518091e0 3.291513e-1 3.291513e-1
-2.8179523e0 -1.8518091e0 3.2749437e-1 3.2749437e-1
-2.6569284e0 -1.8518091e0 2.9893747e-1 2.9893747e-1
-2.4959045e0 -1.8518091e0 2.4960223e-1 2.4960223e-1
-2.3348807e0 -1.8518091e0 1.8742502e-1 1.8742502e-1
-2.1738568e0 -1.8518091e0 1.2138138e-1 1.2138138e-1
-2.012833e0 -1.8518091e0 6.044681e-2 6.044681e-2
-1.8518091e0 -1.8518091e0 1.25769e-2 1.25769e-2
-1.6907852e0 -1.8518091e0 -1.60896e-2 -1.60896e-2
-1.5297614e0 -1.8518091e0 -2.192087e-2 -2.192087e-2
-1.3687375e0 -1.8518091e0 -4.18295e-3 -4.18295e-3
-1.2077136e0 -1.8518091e0 3.490213e-2 3.490213e-2
-1.0466898e0 -1.8518091e0 9.033945e-2 9.033945e-2
-8.856659e-1 -1.8518091e0 1.5495956e-1 1.5495956e-1
-7.24642e-1 -1.8518091e0 2.2016273e-1 2.2016273e-1
-5.636182e-1 -1.8518091e0 2.7688397e-1 2.7688397e-1
-4.025943e-1 -1.8518091e0 3.1652556e-1 3.1652556e-1
-2.415704e-1 -1.8518091e0 3.3198015e-1 3.3198015e-1
-8.05466e-2 -1.8518091e0 3.1840901e-1 3.1840901e-1
8.04773e-2 -1.8518091e0 2.7382564e-1 2.7382564e-1
2.415012e-1 -1.8518091e0 1.9935449e-1 1.9935449e-1
4.02525e-1 -1.8518091e0 9.928253e-2 9.928253e-2
5.635489e-1 -1.8518091e0 -1.934456e-2 -1.934456e-2
7.245728e-1 -1.8518091e0 -1.4738686e-1 -1.4738686e-1
8.855966e-1 -1.8518091e0 -2.7441428e-1 -2.7441428e-1
1.0466205e0 -1.8518091e0 -3.8976411e-1 -3.8976411e-1
1.2076443e0 -1.8518091e0 -4.8348036e-1 -4.8348036e-1
1.3686682e0 -1.8518091e0 -5.4744548e-1 -5.4744548e-1
1.5296921e0 -1.8518091e0 -5.7602414e-1 -5.7602414e-1
1.690716e0 -1.8518091e0 -5.6669986e-1 -5.6669986e-1
1.8517398e0 -1.8518091e0 -5.202819e-1 -5.202819e-1
2.0127637e0 -1.8518091e0 -4.4086711e-1 -4.4086711e-1
2.1737875e0 -1.8518091e0 -3.3540926e-1 -3.3540926e-1
2.3348114e0 -1.8518091e0 -2.130409e-1 -2.130409e-1
2.4958353e0 -1.8518091e0 -8.418134e-2 -8.418134e-2
2.6568591e0 -1.8518091e0 4.05049e-2 4.05049e-2
2.817883e0 -1.8518091e0 1.5108517e-1 1.5108517e-1
2.9789069e0 -1.8518091e0 2.3933806e-1 2.3933806e-1
3.1399307e0 -1.8518091e0 2.9953345e-1 2.9953345e-1

-3.14e0 -1.6907852e0 3.0018127e-1 3.0018127e-1
-2.9789761e0 -1.6907852e0 3.0363739e-1 3.0363739e-1
-2.8179523e0 -1.6907852e0 2.7737439e-1 2.7737439e-1
-2.6569284e0 -1.6907852e0 2.2551012e-1 2.2551012e-1
-2.4959045e0 -1.6907852e0 1.5476041e-1 1.5476041e-1
-2.3348807e0 -1.6907852e0 7.3633739e-2 7.3633739e-2
-2.1738568e0 -1.6907852e0 -8.41835e-3 -8.41835e-3
-2.012833e0 -1.6907852e0 -8.200743e-2 -8.200743e-2
-1.8518091e0 -1.6907852e0 -1.3884691e-1 -1.3884691e-1
-1.6907852e0 -1.6907852e0 -1.7256482e-1 -1.7256482e-1
-1.5297614e0 -1.6907852e0 -1.7939061e-1 -1.7939061e-1
-1.3687375e0 -1.6907852e0 -1.5857773e-1 -1.5857773e-1
-1.2077136e0 -1.6907852e0 -1.1242384e-1 -1.1242384e-1
-1.0466898e0 -1.6907852e0 -4.611142e-2 -4.611142e-2
-8.856659e-1 -1.6907852e0 3.2923703e-2 3.2923703e-2
-7.24642e-1 -1.6907852e0 1.15694073e-1 1.15694073e-1
-5.636182e-1 -1.6907852e0 1.9268396e-1 1.9268396e-1
-4.025943e-1 -1.6907852e0 2.547771e-1 2.547771e-1
-2.415704e-1 -1.6907852e0 2.9427983e-1 2.9427983e-1
-8.05466e-2 -1.6907852e0 3.0573087e-1 3.0573087e-1
8.04773e-2 -1.6907852e0 2.8649434e-1 2.8649434e-1
2.415012e-1 -1.6907852e0 2.3704535e-1 2.3704535e-1
4.02525e-1 -1.6907852e0 1.6102467e-1 1.6102467e-1
5.635489e-1 -1.6907852e0 6.48444e-2 6.48444e-2
7.245728e-1 -1.6907852e0 -4.2926091e-2 -4.2926091e-2
8.855966e-1 -1.6907852e0 -1.52383148e-1 -1.52383148e-1
1.0466205e0 -1.6907852e0 -2.5331796e-1 -2.5331796e-1
1.2076443e0 -1.6907852e0 -3.3615598e-1 -3.3615598e-1
1.3686682e0 -1.6907852e0 -3.9305388e-1 -3.9305388e-1
1.5296921e0 -1.6907852e0 -4.185544e-1 -4.185544e-1
1.690716e0 -1.6907852e0 -4.1022778e-1 -4.1022778e-1
1.8517398e0 -1.6907852e0 -3.688581e-1 -3.688581e-1
2.0127637e0 -1.6907852e0 -2.9840816e-1 -2.9840816e-1
2.1737875e0 -1.6907852e0 -2.0560164e-1 -2.0560164e-1
2.3348114e0 -1.6907852e0 -9.9241733e-2 -9.9241733e-2
2.4958353e0 -1.6907852e0 1.0666797e-2 1.0666797e-2
2.6568591e0 -1.6907852e0 1.1394171e-1 1.1394171e-1
2.817883e0 -1.6907852e0 2.012162e-1 2.012162e-1
2.9789069e0 -1.6907852e0 2.6486142e-1 2.6486142e-1
3.1399307e0 -1.6907852e0 2.997935e-1 2.997935e-1

-3.14e0 -1.5297614e0 2.999258e-1 2.999258e-1
-2.9789761e0 -1.5297614e0 2.7762492e-1 2.7762492e-1
-2.8179523e0 -1.5297614e0 2.26275e-1 2.26275e-1
-2.6569284e0 -1.5297614e0 1.506479e-1 1.506479e-1
-2.4959045e0 -1.5297614e0 5.8065233e-2 5.8065233e-2
-2.3348807e0 -1.5297614e0 -4.2381181e-2 -4.2381181e-2
-2.1738568e0 -1.5297614e0 -1.4075453e-1 -1.4075453e-1
-2.012833e0 -1.5297614e0 -2.2724542e-1 -2.2724542e-1
-1.8518091e0 -1.5297614e0 -2.9322977e-1 -2.9322977e-1
-1.6907852e0 -1.5297614e0 -3.3209778e-1 -3.3209778e-1
-1.5297614e0 -1.5297614e0 -3.3993752e-1 -3.3993752e-1
-1.3687375e0 -1.5297614e0 -3.159896e-1 -3.159896e-1
-1.2077136e0 -1.5297614e0 -2.6262877e-1 -2.6262877e-1
-1.0466898e0 -1.5297614e0 -1.8522873e-1 -1.8522873e-1
-8.856659e-1 -1.5297614e0 -9.1496913e-2 -9.1496913e-2
-7.24642e-1 -1.5297614e0 9.183954e-3 9.183954e-3
-5.636182e-1 -1.5297614e0 1.0683858e-1 1.0683858e-1
-4.025943e-1 -1.5297614e0 1.9182202e-1 1.9182202e-1
-2.415704e-1 -1.5297614e0 2.5584282e-1 2.5584282e-1
-8.05466e-2 -1.5297614e0 2.9280498e-1 2.9280498e-1
8.04773e-2 -1.5297614e0 2.9941058e-1 2.9941058e-1
2.415012e-1 -1.5297614e0 2.7547273e-1 2.7547273e-1
4.02525e-1 -1.5297614e0 2.2397333e-1 2.2397333e-1
5.635489e-1 -1.5297614e0 1.5067854e-1 1.5067854e-1
7.245728e-1 -1.5297614e0 6.3575989e-2 6.3575989e-2
8.855966e-1 -1.5297614e0 -2.7967363e-2 -2.7967363e-2
1.0466205e0 -1.5297614e0 -1.1420546e-1 -1.1420546e-1
1.2076443e0 -1.5297614e0 -1.8595268e-1 -1.8595268e-1
1.3686682e0 -1.5297614e0 -2.3564525e-1 -2.3564525e-1
1.5296921e0 -1.5297614e0 -2.5800749e-1 -2.5800749e-1
1.690716e0 -1.5297614e0 -2.5069803e-1 -2.5069803e-1
1.8517398e0 -1.5297614e0 -2.1447523e-1 -2.1447523e-1
2.0127637e0 -1.5297614e0 -1.5316536e-1 -1.5316536e-1
2.1737875e0 -1.5297614e0 -7.325742e-2 -7.325742e-2
2.3348114e0 -1.5297614e0 1.678123e-2 1.678123e-2
2.4958353e0 -1.5297614e0 1.07368398e-1 1.07368398e-1
2.6568591e0 -1.5297614e0 1.8881355e-1 1.8881355e-1
2.817883e0 -1.5297614e0 2.5232684e-1 2.5232684e-1
2.9789069e0 -1.5297614e0 2.9088353e-1 2.9088353e-1
3.1399307e0 -1.5297614e0 3.0005862e-1 3.0005862e-1

-3.14e0 -1.3687375e0 2.9967192e-1 2.9967192e-1
-2.9789761e0 -1.3687375e0 2.5177753e-1 2.5177753e-1
-2.8179523e0 -1.3687375e0 1.7549992e-1 1.7549992e-1
-2.6569284e0 -1.3687375e0 7.626085e-2 7.626085e-2
-2.4959045e0 -1.3687375e0 -3.80162e-2 -3.80162e-2
-2.3348807e0 -1.3687375e0 -1.5765973e-1 -1.5765973e-1
-2.1738568e0 -1.3687375e0 -2.7225076e-1 -2.7225076e-1
-2.012833e0 -1.3687375e0 -3.7156158e-1 -3.7156158e-1
-1.8518091e0 -1.3687375e0 -4.4663274e-1 -4.4663274e-1
-1.6907852e0 -1.3687375e0 -4.9061818e-1 -4.9061818e-1
-1.5297614e0 -1.3687375e0 -4.9946542e-1 -4.9946542e-1
-1.3687375e0 -1.3687375e0 -4.7240236e-1 -4.7240236e-1
-1.2077136e0 -1.3687375e0 -4.1188033e-1 -4.1188033e-1
-1.0466898e0 -1.3687375e0 -3.2346304e-1 -3.2346304e-1
-8.856659e-1 -1.3687375e0 -2.151278e-1 -2.151278e-1
-7.24642e-1 -1.3687375e0 -9.665013e-2 -9.665013e-2
-5.636182e-1 -1.3687375e0 2.153806e-2 2.153806e-2
-4.025943e-1 -1.3687375e0 1.2926651e-1 1.2926651e-1
-2.415704e-1 -1.3687375e0 2.1764975e-1 2.1764975e-1
-8.05466e-2 -1.3687375e0 2.7996112e-1 2.7996112e-1
8.04773e-2 -1.3687375e0 3.1224486e-1 3.1224486e-1
2.415012e-1 -1.3687375e0 3.1365622e-1 3.1365622e-1
4.02525e-1 -1.3687375e0 2.8652246e-1 2.8652246e-1
5.635489e-1 -1.3687375e0 2.3596788e-1 2.3596788e-1
7.245728e-1 -1.3687375e0 1.6940208e-1 1.6940208e-1
8.855966e-1 -1.3687375e0 9.565874e-2 9.565874e-2
1.0466205e0 -1.3687375e0 2.402408e-2 2.402408e-2
1.2076443e0 -1.3687375e0 -3.670273e-2 -3.670273e-2
1.3686682e0 -1.3687375e0 -7.92357e-2 -7.92357e-2
1.5296921e0 -1.3687375e0 -9.847958e-2 -9.847958e-2
1.690716e0 -1.3687375e0 -9.218083e-2 -9.218083e-2
1.8517398e0 -1.3687375e0 -6.107227e-2 -6.107227e-2
2.0127637e0 -1.3687375e0 -8.84442e-3 -8.84442e-3
2.1737875e0 -1.3687375e0 5.824681e-2 5.824681e-2
2.3348114e0 -1.3687375e0 1.3206778e-1 1.3206778e-1
2.4958353e0 -1.3687375e0 2.0345622e-1 2.0345622e-1
2.6568591e0 -1.3687375e0 2.6321019e-1 2.6321019e-1
2.817883e0 -1.3687375e0 3.031131e-1 3.031131e-1
2.9789069e0 -1.3687375e0 3.167405e-1 3.167405e-1
3.1399307e0 -1.3687375e0 3.0032208e-1 3.0032208e-1

-3.14e0 -1.2077136e0 2.9942633e-1 2.9942633e-1
-2.9789761e0 -1.2077136e0 2.2677354e-1 2.2677354e-1
-2.8179523e0 -1.2077136e0 1.2638164e-1 1.2638164e-1
-2.6569284e0 -1.2077136e0 4.30103e-3 4.30103e-3
-2.4959045e0 -1.2077136e0 -1.3096251e-1 -1.3096251e-1
-2.3348807e0 -1.2077136e0 -2.6917676e-1 -2.6917676e-1
-2.1738568e0 -1.2077136e0 -3.9945628e-1 -3.9945628e-1
-2.012833e0 -1.2077136e0 -5.111687e-1 -5.111687e-1
-1.8518091e0 -1.2077136e0 -5.9503017e-1 -5.9503017e-1
-1.6907852e0 -1.2077136e0 -6.4396605e-1 -6.4396605e-1
-1.5297614e0 -1.2077136e0 -6.5378793e-1 -6.5378793e-1
-1.3687375e0 -1.2077136e0 -6.2371138e-1 -6.2371138e-1
-1.2077136e0 -1.2077136e0 -5.5626181e-1 -5.5626181e-1
-1.0466898e0 -1.2077136e0 -4.5718678e-1 -4.5718678e-1
-8.856659e-1 -1.2077136e0 -3.3472464e-1 -3.3472464e-1
-7.24642e-1 -1.2077136e0 -1.9903085e-1 -1.9903085e-1
-5.636182e-1 -1.2077136e0 -6.097911e-2 -6.097911e-2
-4.025943e-1 -1.2077136e0 6.875218e-2 6.875218e-2
-2.415704e-1 -1.2077136e0 1.8070293e-1 1.8070293e-1
-8.05466e-2 -1.2077136e0 2.6753636e-1 2.6753636e-1
8.04773e-2 -1.2077136e0 3.2466035e-1 3.2466035e-1
2.415012e-1 -1.2077136e0 3.5059378e-1 3.5059378e-1
4.02525e-1 -1.2077136e0 3.4703061e-1 3.4703061e-1
5.635489e-1 -1.2077136e0 3.1847423e-1 3.1847423e-1
7.245728e-1 -1.2077136e0 2.7177507e-1 2.7177507e-1
8.855966e-1 -1.2077136e0 2.1525092e-1 2.1525092e-1
1.0466205e0 -1.2077136e0 1.577432e-1 1.577432e-1
1.2076443e0 -1.2077136e0 1.076772e-1 1.076772e-1
1.3686682e0 -1.2077136e0 7.20702e-2 7.20702e-2
1.5296921e0 -1.2077136e0 5.584293e-2 5.584293e-2
1.690716e0 -1.2077136e0 6.116396e-2 6.116396e-2
1.8517398e0 -1.2077136e0 8.732516e-2 8.732516e-2
2.0127637e0 -1.2077136e0 1.3076732e-1 1.3076732e-1
2.1737875e0 -1.2077136e0 1.8546007e-1 1.8546007e-1
2.3348114e0 -1.2077136e0 2.4359253e-1 2.4359253e-1
2.4958353e0 -1.2077136e0 2.9640869e-1 2.9640869e-1
2.6568591e0 -1.2077136e0 3.3517928e-1 3.3517928e-1
2.817883e0 -1.2077136e0 3.522422e-1 3.522422e-1
2.9789069e0 -1.2077136e0 3.4175375e-1 3.4175375e-1
3.1399307e0 -1.2077136e0 3.0057693e-1 3.0057693e-1

-3.14e0 -1.0466898e0 2.9919531e-1 2.9919531e-1
-2.9789761e0 -1.0466898e0 2.0325238e-1 2.0325238e-1
-2.8179523e0 -1.0466898e0 8.017624e-2 8.017624e-2
-2.6569284e0 -1.0466898e0 -6.339133e-2 -6.339133e-2
-2.4959045e0 -1.0466898e0 -2.1839677e-1 -2.1839677e-1
-2.3348807e0 -1.0466898e0 -3.7408043e-1 -3.7408043e-1
-2.1738568e0 -1.0466898e0 -5.1911809e-1 -5.1911809e-1
-2.012833e0 -1.0466898e0 -6.4249664e-1 -6.4249664e-1
-1.8518091e0 -1.0466898e0 -7.3462712e-1 -7.3462712e-1
-1.6907852e0 -1.0466898e0 -7.8821988e-1 -7.8821988e-1
-1.5297614e0 -1.0466898e0 -7.989586e-1 -7.989586e-1
-1.3687375e0 -1.0466898e0 -7.6604726e-1 -7.6604726e-1
-1.2077136e0 -1.0466898e0 -6.9208098e-1 -6.9208098e-1
-1.0466898e0 -1.0466898e0 -5.8298024e-1 -5.8298024e-1
-8.856659e-1 -1.0466898e0 -4.4722896e-1 -4.4722896e-1
-7.24642e-1 -1.0466898e0 -2.9534004e-1 -2.9534004e-1
-5.636182e-1 -1.0466898e0 -1.3860274e-1 -1.3860274e-1
-4.025943e-1 -1.0466898e0 1.182657e-2 1.182657e-2
-2.415704e-1 -1.0466898e0 1.4594716e-1 1.4594716e-1
-8.05466e-2 -1.0466898e0 2.5584843e-1 2.5584843e-1
8.04773e-2 -1.0466898e0 3.3633957e-1 3.3633957e-1
2.415012e-1 -1.0466898e0 3.8534084e-1 3.8534084e-1
4.02525e-1 -1.0466898e0 4.0395042e-1 4.0395042e-1
5.635489e-1 -1.0466898e0 3.9608768e-1 3.9608768e-1
7.245728e-1 -1.0466898e0 3.68077e-1 3.68077e-1
8.855966e-1 -1.0466898e0 3.2775089e-1 3.2775089e-1
1.0466205e0 -1.0466898e0 2.835323e-1 2.835323e-1
1.2076443e0 -1.0466898e0 2.4349492e-1 2.4349492e-1
1.3686682e0 -1.0466898e0 2.1440315e-1 2.1440315e-1
1.5296921e0 -1.0466898e0 2.010136e-1 2.010136e-1
1.690716e0 -1.0466898e0 2.0541489e-1 2.0541489e-1
1.8517398e0 -1.0466898e0 2.2692212e-1 2.2692212e-1
2.0127637e0 -1.0466898e0 2.6209961e-1 2.6209961e-1
2.1737875e0 -1.0466898e0 3.0512914e-1 3.0512914e-1
2.3348114e0 -1.0466898e0 3.485035e-1 3.485035e-1
2.4958353e0 -1.0466898e0 3.8384877e-1 3.8384877e-1
2.6568591e0 -1.0466898e0 4.0288034e-1 4.0288034e-1
2.817883e0 -1.0466898e0 3.9845778e-1 3.9845778e-1
2.9789069e0 -1.0466898e0 3.6528363e-1 3.6528363e-1
3.1399307e0 -1.0466898e0 3.0081668e-1 3.0081668e-1

-3.14e0 -8.856659e-1 2.9898494e-1 2.9898494e-1
-2.9789761e0 -8.856659e-1 1.8183401e-1 1.8183401e-1
-2.8179523e0 -8.856659e-1 3.810164e-2 3.810164e-2
-2.6569284e0 -8.856659e-1 -1.2503192e-1 -1.2503192e-1
-2.4959045e0 -8.856659e-1 -2.9801434e-1 -2.9801434e-1
-2.3348807e0 -8.856659e-1 -4.6960562e-1 -4.6960562e-1
-2.1738568e0 -8.856659e-1 -6.28082e-1 -6.28082e-1
-2.012833e0 -8.856659e-1 -7.6208374e-1 -7.6208374e-1
-1.8518091e0 -8.856659e-1 -8.6174397e-1 -8.6174397e-1
-1.6907852e0 -8.856659e-1 -9.1957727e-1 -9.1957727e-1
-1.5297614e0 -8.856659e-1 -9.3115086e-1 -9.3115086e-1
-1.3687375e0 -8.856659e-1 -8.9565817e-1 -8.9565817e-1
-1.2077136e0 -8.856659e-1 -8.1575778e-1 -8.1575778e-1
-1.0466898e0 -8.856659e-1 -6.9752763e-1 -6.9752763e-1
-8.856659e-1 -8.856659e-1 -5.496753e-1 -5.496753e-1
-7.24642e-1 -8.856659e-1 -3.8303911e-1 -3.8303911e-1
-5.636182e-1 -8.856659e-1 -2.0928673e-1 -2.0928673e-1
-4.025943e-1 -8.856659e-1 -4.000986e-2 -4.000986e-2
-2.415704e-1 -8.856659e-1 1.1429861e-1 1.1429861e-1
-8.05466e-2 -8.856659e-1 2.4520541e-1 2.4520541e-1
8.04773e-2 -8.856659e-1 3.4697464e-1 3.4697464e-1
2.415012e-1 -8.856659e-1 4.1698146e-1 4.1698146e-1
4.02525e-1 -8.856659e-1 4.5578156e-1 4.5578156e-1
5.635489e-1 -8.856659e-1 4.6676239e-1 4.6676239e-1
7.245728e-1 -8.856659e-1 4.5576944e-1 4.5576944e-1
8.855966e-1 -8.856659e-1 4.3019324e-1 4.3019324e-1
1.0466205e0 -8.856659e-1 3.9807574e-1 3.9807574e-1
1.2076443e0 -8.856659e-1 3.671704e-1 3.671704e-1
1.3686682e0 -8.856659e-1 3.4401141e-1 3.4401141e-1
1.5296921e0 -8.856659e-1 3.3320586e-1 3.3320586e-1
1.690716e0 -8.856659e-1 3.3676962e-1 3.3676962e-1
1.8517398e0 -8.856659e-1 3.5403897e-1 3.5403897e-1
2.0127637e0 -8.856659e-1 3.8169066e-1 3.8169066e-1
2.1737875e0 -8.856659e-1 4.1409967e-1 4.1409967e-1
2.3348114e0 -8.856659e-1 4.4403531e-1 4.4403531e-1
2.4958353e0 -8.856659e-1 4.6347163e-1 4.6347163e-1
2.6568591e0 -8.856659e-1 4.6452887e-1 4.6452887e-1
2.817883e0 -8.856659e-1 4.4054164e-1 4.4054164e-1
2.9789069e0 -8.856659e-1 3.8670993e-1 3.8670993e-1
3.1399307e0 -8.856659e-1 3.0103499e-1 3.0103499e-1

-3.14e0 -7.24642e-1 2.9880057e-1 2.9880057e-1
-2.9789761e0 -7.24642e-1 1.6306403e-1 1.6306403e-1
-2.8179523e0 -7.24642e-1 1.22954e-3 1.22954e-3
-2.6569284e0 -7.24642e-1 -1.7905072e-1 -1.7905072e-1
-2.4959045e0 -7.24642e-1 -3.6778726e-1 -3.6778726e-1
-2.3348807e0 -7.24642e-1 -5.5331921e-1 -5.5331921e-1
-2.1738568e0 -7.24642e-1 -7.2357263e-1 -7.2357263e-1
-2.012833e0 -7.24642e-1 -8.66884e-1 -8.66884e-1
-1.8518091e0 -7.24642e-1 -9.7314294e-1 -9.7314294e-1
-1.6907852e0 -7.24642e-1 -1.03469244e0 -1.03469244e0
-1.5297614e0 -7.24642e-1 -1.04699768e0 -1.04699768e0
-1.3687375e0 -7.24642e-1 -1.00924281e0 -1.00924281e0
-1.2077136e0 -7.24642e-1 -9.2414207e-1 -9.2414207e-1
-1.0466898e0 -7.24642e-1 -7.9791136e-1 -7.9791136e-1
-8.856659e-1 -7.24642e-1 -6.3945424e-1 -6.3945424e-1
-7.24642e-1 -7.24642e-1 -4.5989427e-1 -4.5989427e-1
-5.636182e-1 -7.24642e-1 -2.712307e-1 -2.712307e-1
-4.025943e-1 -7.24642e-1 -8.543674e-2 -8.543674e-2
-2.415704e-1 -7.24642e-1 8.656337e-2 8.656337e-2
-8.05466e-2 -7.24642e-1 2.3587839e-1 2.3587839e-1
8.04773e-2 -7.24642e-1 3.5629471e-1 3.5629471e-1
2.415012e-1 -7.24642e-1 4.4470975e-1 4.4470975e-1
4.02525e-1 -7.24642e-1 5.0120381e-1 5.0120381e-1
5.635489e-1 -7.24642e-1 5.2869826e-1 5.2869826e-1
7.245728e-1 -7.24642e-1 5.3261879e-1 5.3261879e-1
8.855966e-1 -7.24642e-1 5.1996869e-1 5.1996869e-1
1.0466205e0 -7.24642e-1 4.98456e-1 4.98456e-1
1.2076443e0 -7.24642e-1 4.755535e-1 4.755535e-1
1.3686682e0 -7.24642e-1 4.5759372e-1 4.5759372e-1
1.5296921e0 -7.24642e-1 4.4905267e-1 4.4905267e-1
1.690716e0 -7.24642e-1 4.5188248e-1 4.5188248e-1
1.8517398e0 -7.24642e-1 4.6543794e-1 4.6543794e-1
2.0127637e0 -7.24642e-1 4.864944e-1 4.864944e-1
2.1737875e0 -7.24642e-1 5.095961e-1 5.095961e-1
2.3348114e0 -7.24642e-1 5.277547e-1 5.277547e-1
2.4958353e0 -7.24642e-1 5.3324919e-1 5.3324919e-1
2.6568591e0 -7.24642e-1 5.1855461e-1 5.1855461e-1
2.817883e0 -7.24642e-1 4.7742188e-1 4.7742188e-1
2.9789069e0 -7.24642e-1 4.0548686e-1 4.0548686e-1
3.1399307e0 -7.24642e-1 3.0122632e-1 3.0122632e-1

-3.14e0 -5.636182e-1 2.9864697e-1 2.9864697e-1
-2.9789761e0 -5.636182e-1 1.474264e-1 1.474264e-1
-2.8179523e0 -5.636182e-1 -2.948927e-2 -2.948927e-2
-2.6569284e0 -5.636182e-1 -2.2405473e-1 -2.2405473e-1
-2.4959045e0 -5.636182e-1 -4.2591634e-1 -4.2591634e-1
-2.3348807e0 -5.636182e-1 -6.230625e-1 -6.230625e-1
-2.1738568e0 -5.636182e-1 -8.0312758e-1 -8.0312758e-1
-2.012833e0 -5.636182e-1 -9.5419499e-1 -9.5419499e-1
-1.8518091e0 -5.636182e-1 -1.06595143e0 -1.06595143e0
-1.6907852e0 -5.636182e-1 -1.13059695e0 -1.13059695e0
-1.5297614e0 -5.636182e-1 -1.14351173e0 -1.14351173e0
-1.3687375e0 -5.636182e-1 -1.10387221e0 -1.10387221e0
-1.2077136e0 -5.636182e-1 -1.01443896e0 -1.01443896e0
-1.0466898e0 -5.636182e-1 -8.8154283e-1 -8.8154283e-1
-8.856659e-1 -5.636182e-1 -7.1425067e-1 -7.1425067e-1
-7.24642e-1 -5.636182e-1 -5.2392368e-1 -5.2392368e-1
-5.636182e-1 -5.636182e-1 -3.2283734e-1 -3.2283734e-1
-4.025943e-1 -5.636182e-1 -1.232827e-1 -1.232827e-1
-2.415704e-1 -5.636182e-1 6.345663e-2 6.345663e-2
-8.05466e-2 -5.636182e-1 2.2810788e-1 2.2810788e-1
8.04773e-2 -5.636182e-1 3.6405942e-1 3.6405942e-1
2.415012e-1 -5.636182e-1 4.6781068e-1 4.6781068e-1
4.02525e-1 -5.636182e-1 5.390459e-1 5.390459e-1
5.635489e-1 -5.636182e-1 5.8029813e-1 5.8029813e-1
7.245728e-1 -5.636182e-1 5.9664336e-1 5.9664336e-1
8.855966e-1 -5.636182e-1 5.9476222e-1 5.9476222e-1
1.0466205e0 -5.636182e-1 5.820846e-1 5.820846e-1
1.2076443e0 -5.636182e-1 5.6584943e-1 5.6584943e-1
1.3686682e0 -5.636182e-1 5.5222116e-1 5.5222116e-1
1.5296921e0 -5.636182e-1 5.4556673e-1 5.4556673e-1
1.690716e0 -5.636182e-1 5.4778506e-1 5.4778506e-1
1.8517398e0 -5.636182e-1 5.5824643e-1 5.5824643e-1
2.0127637e0 -5.636182e-1 5.7380826e-1 5.7380826e-1
2.1737875e0 -5.636182e-1 5.891559e-1 5.891559e-1
2.3348114e0 -5.636182e-1 5.9750282e-1 5.9750282e-1
2.4958353e0 -5.636182e-1 5.9138213e-1 5.9138213e-1
2.6568591e0 -5.636182e-1 5.6356442e-1 5.6356442e-1
2.817883e0 -5.636182e-1 5.0814745e-1 5.0814745e-1
2.9789069e0 -5.636182e-1 4.2113028e-1 4.2113028e-1
3.1399307e0 -5.636182e-1 3.013857e-1 3.013857e-1

-3.14e0 -4.025943e-1 2.9852817e-1 2.9852817e-1
-2.9789761e0 -4.025943e-1 1.3533073e-1 1.3533073e-1
-2.8179523e0 -4.025943e-1 -5.325024e-2 -5.325024e-2
-2.6569284e0 -4.025943e-1 -2.588653e-1 -2.588653e-1
-2.4959045e0 -4.025943e-1 -4.708791e-1 -4.708791e-1
-2.3348807e0 -4.025943e-1 -6.7700885e-1 -6.7700885e-1
-2.1738568e0 -4.025943e-1 -8.6466324e-1 -8.6466324e-1
-2.012833e0 -4.025943e-1 -1.02172992e0 -1.02172992e0
-1.8518091e0 -4.025943e-1 -1.13773866e0 -1.13773866e0
-1.6907852e0 -4.025943e-1 -1.20477898e0 -1.20477898e0
-1.5297614e0 -4.025943e-1 -1.21816524e0 -1.21816524e0
-1.3687375e0 -4.025943e-1 -1.17706793e0 -1.17706793e0
-1.2077136e0 -4.025943e-1 -1.0842835e0 -1.0842835e0
-1.0466898e0 -4.025943e-1 -9.4623167e-1 -9.4623167e-1
-8.856659e-1 -4.025943e-1 -7.7210562e-1 -7.7210562e-1
-7.24642e-1 -4.025943e-1 -5.7345033e-1 -5.7345033e-1
-5.636182e-1 -4.025943e-1 -3.6275502e-1 -3.6275502e-1
-4.025943e-1 -4.025943e-1 -1.5255649e-1 -1.5255649e-1
-2.415704e-1 -4.025943e-1 4.558362e-2 4.558362e-2
-8.05466e-2 -4.025943e-1 2.2209741e-1 2.2209741e-1
8.04773e-2 -4.025943e-1 3.7006541e-1 3.7006541e-1
2.415012e-1 -4.025943e-1 4.8567921e-1 4.8567921e-1
4.02525e-1 -4.025943e-1 5.6831671e-1 5.6831671e-1
5.635489e-1 -4.025943e-1 6.2021057e-1 6.2021057e-1
7.245728e-1 -4.025943e-1 6.4616628e-1 6.4616628e-1
8.855966e-1 -4.025943e-1 6.5261493e-1 6.5261493e-1
1.0466205e0 -4.025943e-1 6.467712e-1 6.467712e-1
1.2076443e0 -4.025943e-1 6.3569319e-1 6.3569319e-1
1.3686682e0 -4.025943e-1 6.2541537e-1 6.2541537e-1
1.5296921e0 -4.025943e-1 6.2022023e-1 6.2022023e-1
1.690716e0 -4.025943e-1 6.2196559e-1 6.2196559e-1
1.8517398e0 -4.025943e-1 6.3003366e-1 6.3003366e-1
2.0127637e0 -4.025943e-1 6.4134543e-1 6.4134543e-1
2.1737875e0 -4.025943e-1 6.506953e-1 6.506953e-1
2.3348114e0 -4.025943e-1 6.5145291e-1 6.5145291e-1
2.4958353e0 -4.025943e-1 6.3634787e-1 6.3634787e-1
2.6568591e0 -4.025943e-1 5.9837946e-1 5.9837946e-1
2.817883e0 -4.025943e-1 5.3191365e-1 5.3191365e-1
2.9789069e0 -4.025943e-1 4.3323044e-1 4.3323044e-1
3.1399307e0 -4.025943e-1 3.0150899e-1 3.0150899e-1

-3.14e0 -2.415704e-1 2.984472e-1 2.984472e-1
-2.9789761e0 -2.415704e-1 1.2708781e-1 1.2708781e-1
-2.8179523e0 -2.415704e-1 -6.94428e-2 -6.94428e-2
-2.6569284e0 -2.415704e-1 -2.8258788e-1 -2.8258788e-1
-2.4959045e0 -2.415704e-1 -5.0152019e-1 -5.0152019e-1
-2.3348807e0 -2.415704e-1 -7.1377203e-1 -7.1377203e-1
-2.1738568e0 -2.415704e-1 -9.0659836e-1 -9.0659836e-1
-2.012833e0 -2.415704e-1 -1.0677534e0 -1.0677534e0
-1.8518091e0 -2.415704e-1 -1.18666e0 -1.18666e0
-1.6907852e0 -2.415704e-1 -1.2553323e0 -1.2553323e0
-1.5297614e0 -2.415704e-1 -1.26903987e0 -1.26903987e0
-1.3687375e0 -2.415704e-1 -1.22694913e0 -1.22694913e0
-1.2077136e0 -2.415704e-1 -1.13188092e0 -1.13188092e0
-1.0466898e0 -2.415704e-1 -9.9031563e-1 -9.9031563e-1
-8.856659e-1 -2.415704e-1 -8.1153244e-1 -8.1153244e-1
-7.24642e-1 -2.415704e-1 -6.072016e-1 -6.072016e-1
-5.636182e-1 -2.415704e-1 -3.8995798e-1 -3.8995798e-1
-4.025943e-1 -2.415704e-1 -1.725059e-1 -1.725059e-1
-2.415704e-1 -2.415704e-1 3.340356e-2 3.340356e-2
-8.05466e-2 -2.415704e-1 2.180014e-1 2.180014e-1
8.04773e-2 -2.415704e-1 3.7415836e-1 3.7415836e-1
2.415012e-1 -2.415704e-1 4.9785622e-1 4.9785622e-1
4.02525e-1 -2.415704e-1 5.8826408e-1 5.8826408e-1
5.635489e-1 -2.415704e-1 6.4740997e-1 6.4740997e-1
7.245728e-1 -2.415704e-1 6.7991501e-1 6.7991501e-1
8.855966e-1 -2.415704e-1 6.920402e-1 6.920402e-1
1.0466205e0 -2.415704e-1 6.9085362e-1 6.9085362e-1
1.2076443e0 -2.415704e-1 6.8329012e-1 6.8329012e-1
1.3686682e0 -2.415704e-1 6.7529555e-1 6.7529555e-1
1.5296921e0 -2.415704e-1 6.7109486e-1 6.7109486e-1
1.690716e0 -2.415704e-1 6.725179e-1 6.725179e-1
1.8517398e0 -2.415704e-1 6.78955e-1 6.78955e-1
2.0127637e0 -2.415704e-1 6.8737044e-1 6.8737044e-1
2.1737875e0 -2.415704e-1 6.9263297e-1 6.9263297e-1
2.3348114e0 -2.415704e-1 6.8821864e-1 6.8821864e-1
2.4958353e0 -2.415704e-1 6.66991e-1 6.66991e-1
2.6568591e0 -2.415704e-1 6.221051e-1 6.221051e-1
2.817883e0 -2.415704e-1 5.4810976e-1 5.4810976e-1
2.9789069e0 -2.415704e-1 4.4147641e-1 4.4147641e-1
3.1399307e0 -2.415704e-1 3.01593e-1 3.01593e-1

-3.14e0 -8.05466e-2 2.9840623e-1 2.9840623e-1
-2.9789761e0 -8.05466e-2 1.2291617e-1 1.2291617e-1
-2.8179523e0 -8.05466e-2 -7.763763e-2 -7.763763e-2
-2.6569284e0 -8.05466e-2 -2.9459358e-1 -2.9459358e-1
-2.4959045e0 -8.05466e-2 -5.1702725e-1 -5.1702725e-1
-2.3348807e0 -8.05466e-2 -7.3237743e-1 -7.3237743e-1
-2.1738568e0 -8.05466e-2 -9.2782121e-1 -9.2782121e-1
-2.012833e0 -8.05466e-2 -1.09104533e0 -1.09104533e0
-1.8518091e0 -8.05466e-2 -1.2114185e0 -1.2114185e0
-1.6907852e0 -8.05466e-2 -1.28091672e0 -1.28091672e0
-1.5297614e0 -8.05466e-2 -1.29478688e0 -1.29478688e0
-1.3687375e0 -8.05466e-2 -1.25219337e0 -1.25219337e0
-1.2077136e0 -8.05466e-2 -1.15596939e0 -1.15596939e0
-1.0466898e0 -8.05466e-2 -1.01262596e0 -1.01262596e0
-8.856659e-1 -8.05466e-2 -8.3148586e-1 -8.3148586e-1
-7.24642e-1 -8.05466e-2 -6.2428271e-1 -6.2428271e-1
-5.636182e-1 -8.05466e-2 -4.0372507e-1 -4.0372507e-1
-4.025943e-1 -8.05466e-2 -1.8260207e-1 -1.8260207e-1
-2.415704e-1 -8.05466e-2 2.72394e-2 2.72394e-2
-8.05466e-2 -8.05466e-2 2.1592847e-1 2.1592847e-1
8.04773e-2 -8.05466e-2 3.7622975e-1 3.7622975e-1
2.415012e-1 -8.05466e-2 5.0401884e-1 5.0401884e-1
4.02525e-1 -8.05466e-2 5.983592e-1 5.983592e-1
5.635489e-1 -8.05466e-2 6.6117525e-1 6.6117525e-1
7.245728e-1 -8.05466e-2 6.9699483e-1 6.9699483e-1
8.855966e-1 -8.05466e-2 7.1199286e-1 7.1199286e-1
1.0466205e0 -8.05466e-2 7.131632e-1 7.131632e-1
1.2076443e0 -8.05466e-2 7.0737833e-1 7.0737833e-1
1.3686682e0 -8.05466e-2 7.0053928e-1 7.0053928e-1
1.5296921e0 -8.05466e-2 6.9684187e-1 6.9684187e-1
1.690716e0 -8.05466e-2 6.9810179e-1 6.9810179e-1
1.8517398e0 -8.05466e-2 7.037135e-1 7.037135e-1
2.0127637e0 -8.05466e-2 7.1066313e-1 7.1066313e-1
2.1737875e0 -8.05466e-2 7.138571e-1 7.138571e-1
2.3348114e0 -8.05466e-2 7.0682533e-1 7.0682533e-1
2.4958353e0 -8.05466e-2 6.824991e-1 6.824991e-1
2.6568591e0 -8.05466e-2 6.3411235e-1 6.3411235e-1
2.817883e0 -8.05466e-2 5.5630641e-1 5.5630641e-1
2.9789069e0 -8.05466e-2 4.456496e-1 4.456496e-1
3.1399307e0 -8.05466e-2 3.0163553e-1 3.0163553e-1

-3.14e0 8.04773e-2 2.9840623e-1 2.9840623e-1
-2.9789761e0 8.04773e-2 1.2291617e-1 1.2291617e-1
-2.8179523e0 8.04773e-2 -7.763763e-2 -7.763763e-2
-2.6569284e0 8.04773e-2 -2.9459358e-1 -2.9459358e-1
-2.4959045e0 8.04773e-2 -5.1702725e-1 -5.1702725e-1
-2.3348807e0 8.04773e-2 -7.3237743e-1 -7.3237743e-1
-2.1738568e0 8.04773e-2 -9.2782121e-1 -9.2782121e-1
-2.012833e0 8.04773e-2 -1.09104533e0 -1.09104533e0
-1.8518091e0 8.04773e-2 -1.2114185e0 -1.2114185e0
-1.6907852e0 8.04773e-2 -1.28091672e0 -1.28091672e0
-1.5297614e0 8.04773e-2 -1.29478688e0 -1.29478688e0
-1.3687375e0 8.04773e-2 -1.25219337e0 -1.25219337e0
-1.2077136e0 8.04773e-2 -1.15596939e0 -1.15596939e0
-1.0466898e0 8.04773e-2 -1.01262596e0 -1.01262596e0
-8.856659e-1 8.04773e-2 -8.3148586e-1 -8.3148586e-1
-7.24642e-1 8.04773e-2 -6.2428271e-1 -6.2428271e-1
-5.636182e-1 8.04773e-2 -4.0372507e-1 -4.0372507e-1
-4.025943e-1 8.04773e-2 -1.8260207e-1 -1.8260207e-1
-2.415704e-1 8.04773e-2 2.72394e-2 2.72394e-2
-8.05466e-2 8.04773e-2 2.1592847e-1 2.1592847e-1
8.04773e-2 8.04773e-2 3.7622975e-1 3.7622975e-1
2.415012e-1 8.04773e-2 5.0401884e-1 5.0401884e-1
4.02525e-1 8.04773e-2 5.983592e-1 5.983592e-1
5.635489e-1 8.04773e-2 6.6117525e-1 6.6117525e-1
7.245728e-1 8.04773e-2 6.9699483e-1 6.9699483e-1
8.855966e-1 8.04773e-2 7.1199286e-1 7.1199286e-1
1.0466205e0 8.04773e-2 7.131632e-1 7.131632e-1
1.2076443e0 8.04773e-2 7.0737833e-1 7.0737833e-1
1.3686682e0 8.04773e-2 7.0053928e-1 7.0053928e-1
1.5296921e0 8.04773e-2 6.9684187e-1 6.9684187e-1
1.690716e0 8.04773e-2 6.9810179e-1 6.9810179e-1
1.8517398e0 8.04773e-2 7.037135e-1 7.037135e-1
2.0127637e0 8.04773e-2 7.1066313e-1 7.1066313e-1
2.1737875e0 8.04773e-2 7.138571e-1 7.138571e-1
2.3348114e0 8.04773e-2 7.0682533e-1 7.0682533e-1
2.4958353e0 8.04773e-2 6.824991e-1 6.824991e-1
2.6568591e0 8.04773e-2 6.3411235e-1 6.3411235e-1
2.817883e0 8.04773e-2 5.5630641e-1 5.5630641e-1
2.9789069e0 8.04773e-2 4.456496e-1 4.456496e-1
3.1399307e0 8.04773e-2 3.0163553e-1 3.0163553e-1

-3.14e0 2.415012e-1 2.9844716e-1 2.9844716e-1
-2.9789761e0 2.415012e-1 1.2708296e-1 1.2708296e-1
-2.8179523e0 2.415012e-1 -6.94523e-2 -6.94523e-2
-2.6569284e0 2.415012e-1 -2.826018e-1 -2.826018e-1
-2.4959045e0 2.415012e-1 -5.0153818e-1 -5.0153818e-1
-2.3348807e0 2.415012e-1 -7.1379362e-1 -7.1379362e-1
-2.1738568e0 2.415012e-1 -9.0662299e-1 -9.0662299e-1
-2.012833e0 2.415012e-1 -1.06778044e0 -1.06778044e0
-1.8518091e0 2.415012e-1 -1.18668874e0 -1.18668874e0
-1.6907852e0 2.415012e-1 -1.255362e0 -1.255362e0
-1.5297614e0 2.415012e-1 -1.26906975e0 -1.26906975e0
-1.3687375e0 2.415012e-1 -1.22697841e0 -1.22697841e0
-1.2077136e0 2.415012e-1 -1.13190887e0 -1.13190887e0
-1.0466898e0 2.415012e-1 -9.9034152e-1 -9.9034152e-1
-8.856659e-1 2.415012e-1 -8.1155559e-1 -8.1155559e-1
-7.24642e-1 2.415012e-1 -6.0722144e-1 -6.0722144e-1
-5.636182e-1 2.415012e-1 -3.8997395e-1 -3.8997395e-1
-4.025943e-1 2.415012e-1 -1.7251762e-1 -1.7251762e-1
-2.415704e-1 2.415012e-1 3.339641e-2 3.339641e-2
-8.05466e-2 2.415012e-1 2.17999e-1 2.17999e-1
8.04773e-2 2.415012e-1 3.7416077e-1 3.7416077e-1
2.415012e-1 2.415012e-1 4.9786337e-1 4.9786337e-1
4.02525e-1 2.415012e-1 5.882758e-1 5.882758e-1
5.635489e-1 2.415012e-1 6.4742595e-1 6.4742595e-1
7.245728e-1 2.415012e-1 6.7993483e-1 6.7993483e-1
8.855966e-1 2.415012e-1 6.9206337e-1 6.9206337e-1
1.0466205e0 2.415012e-1 6.908795e-1 6.908795e-1
1.2076443e0 2.415012e-1 6.8331807e-1 6.8331807e-1
1.3686682e0 2.415012e-1 6.7532484e-1 6.7532484e-1
1.5296921e0 2.415012e-1 6.7112474e-1 6.7112474e-1
1.690716e0 2.415012e-1 6.7254759e-1 6.7254759e-1
1.8517398e0 2.415012e-1 6.7898373e-1 6.7898373e-1
2.0127637e0 2.415012e-1 6.8739748e-1 6.8739748e-1
2.1737875e0 2.415012e-1 6.926576e-1 6.926576e-1
2.3348114e0 2.415012e-1 6.8824023e-1 6.8824023e-1
2.4958353e0 2.415012e-1 6.6700899e-1 6.6700899e-1
2.6568591e0 2.415012e-1 6.2211903e-1 6.2211903e-1
2.817883e0 2.415012e-1 5.4811926e-1 5.4811926e-1
2.9789069e0 2.415012e-1 4.4148126e-1 4.4148126e-1
3.1399307e0 2.415012e-1 3.0159306e-1 3.0159306e-1

-3.14e0 4.02525e-1 2.9852809e-1 2.9852809e-1
-2.9789761e0 4.02525e-1 1.3532265e-1 1.3532265e-1
-2.8179523e0 4.02525e-1 -5.326611e-2 -5.326611e-2
-2.6569284e0 4.02525e-1 -2.5888853e-1 -2.5888853e-1
-2.4959045e0 4.02525e-1 -4.7090913e-1 -4.7090913e-1
-2.3348807e0 4.02525e-1 -6.7704488e-1 -6.7704488e-1
-2.1738568e0 4.02525e-1 -8.6470433e-1 -8.6470433e-1
-2.012833e0 4.02525e-1 -1.02177501e0 -1.02177501e0
-1.8518091e0 4.02525e-1 -1.1377866e0 -1.1377866e0
-1.6907852e0 4.02525e-1 -1.20482852e0 -1.20482852e0
-1.5297614e0 4.02525e-1 -1.21821509e0 -1.21821509e0
-1.3687375e0 4.02525e-1 -1.1771168e0 -1.1771168e0
-1.2077136e0 4.02525e-1 -1.08433012e0 -1.08433012e0
-1.0466898e0 4.02525e-1 -9.4627487e-1 -9.4627487e-1
-8.856659e-1 4.02525e-1 -7.7214426e-1 -7.7214426e-1
-7.24642e-1 4.02525e-1 -5.734834e-1 -5.734834e-1
-5.636182e-1 4.02525e-1 -3.6278166e-1 -3.6278166e-1
-4.025943e-1 4.02525e-1 -1.5257603e-1 -1.5257603e-1
-2.415704e-1 4.02525e-1 4.557169e-2 4.557169e-2
-8.05466e-2 4.02525e-1 2.220934e-1 2.220934e-1
8.04773e-2 4.02525e-1 3.7006943e-1 3.7006943e-1
2.415012e-1 4.02525e-1 4.8569115e-1 4.8569115e-1
4.02525e-1 4.02525e-1 5.6833626e-1 5.6833626e-1
5.635489e-1 4.02525e-1 6.2023721e-1 6.2023721e-1
7.245728e-1 4.02525e-1 6.4619936e-1 6.4619936e-1
8.855966e-1 4.02525e-1 6.5265356e-1 6.5265356e-1
1.0466205e0 4.02525e-1 6.4681439e-1 6.4681439e-1
1.2076443e0 4.02525e-1 6.3573984e-1 6.3573984e-1
1.3686682e0 4.02525e-1 6.2546426e-1 6.2546426e-1
1.5296921e0 4.02525e-1 6.2027008e-1 6.2027008e-1
1.690716e0 4.02525e-1 6.2201512e-1 6.2201512e-1
1.8517398e0 4.02525e-1 6.300816e-1 6.300816e-1
2.0127637e0 4.02525e-1 6.4139053e-1 6.4139053e-1
2.1737875e0 4.02525e-1 6.5073639e-1 6.5073639e-1
2.3348114e0 4.02525e-1 6.5148894e-1 6.5148894e-1
2.4958353e0 4.02525e-1 6.363779e-1 6.363779e-1
2.6568591e0 4.02525e-1 5.9840271e-1 5.9840271e-1
2.817883e0 4.02525e-1 5.3192952e-1 5.3192952e-1
2.9789069e0 4.02525e-1 4.3323851e-1 4.3323851e-1
3.1399307e0 4.02525e-1 3.0150908e-1 3.0150908e-1

-3.14e0 5.635489e-1 2.9864693e-1 2.9864693e-1
-2.9789761e0 5.635489e-1 1.4742157e-1 1.4742157e-1
-2.8179523e0 5.635489e-1 -2.94988e-2 -2.94988e-2
-2.6569284e0 5.635489e-1 -2.2406866e-1 -2.2406866e-1
-2.4959045e0 5.635489e-1 -4.2593434e-1 -4.2593434e-1
-2.3348807e0 5.635489e-1 -6.2308409e-1 -6.2308409e-1
-2.1738568e0 5.635489e-1 -8.031522e-1 -8.031522e-1
-2.012833e0 5.635489e-1 -9.5422202e-1 -9.5422202e-1
-1.8518091e0 5.635489e-1 -1.06598016e0 -1.06598016e0
-1.6907852e0 5.635489e-1 -1.13062665e0 -1.13062665e0
-1.5297614e0 5.635489e-1 -1.14354161e0 -1.14354161e0
-1.3687375e0 5.635489e-1 -1.1039015e0 -1.1039015e0
-1.2077136e0 5.635489e-1 -1.01446692e0 -1.01446692e0
-1.0466898e0 5.635489e-1 -8.8156873e-1 -8.8156873e-1
-8.856659e-1 5.635489e-1 -7.1427383e-1 -7.1427383e-1
-7.24642e-1 5.635489e-1 -5.239435e-1 -5.239435e-1
-5.636182e-1 5.635489e-1 -3.2285332e-1 -3.2285332e-1
-4.025943e-1 5.635489e-1 -1.2329442e-1 -1.2329442e-1
-2.415704e-1 5.635489e-1 6.34495e-2 6.34495e-2
-8.05466e-2 5.635489e-1 2.2810548e-1 2.2810548e-1
8.04773e-2 5.635489e-1 3.6406183e-1 3.6406183e-1
2.415012e-1 5.635489e-1 4.6781783e-1 4.6781783e-1
4.02525e-1 5.635489e-1 5.3905762e-1 5.3905762e-1
5.635489e-1 5.635489e-1 5.803141e-1 5.803141e-1
7.245728e-1 5.635489e-1 5.9666318e-1 5.9666318e-1
8.855966e-1 5.635489e-1 5.9478539e-1 5.9478539e-1
1.0466205e0 5.635489e-1 5.8211047e-1 5.8211047e-1
1.2076443e0 5.635489e-1 5.6587738e-1 5.6587738e-1
1.3686682e0 5.635489e-1 5.5225047e-1 5.5225047e-1
1.5296921e0 5.635489e-1 5.455966e-1 5.455966e-1
1.690716e0 5.635489e-1 5.4781476e-1 5.4781476e-1
1.8517398e0 5.635489e-1 5.5827516e-1 5.5827516e-1
2.0127637e0 5.635489e-1 5.738353e-1 5.738353e-1
2.1737875e0 5.635489e-1 5.8918053e-1 5.8918053e-1
2.3348114e0 5.635489e-1 5.9752441e-1 5.9752441e-1
2.4958353e0 5.635489e-1 5.9140012e-1 5.9140012e-1
2.6568591e0 5.635489e-1 5.6357837e-1 5.6357837e-1
2.817883e0 5.635489e-1 5.0815697e-1 5.0815697e-1
2.9789069e0 5.635489e-1 4.2113512e-1 4.2113512e-1
3.1399307e0 5.635489e-1 3.0138576e-1 3.0138576e-1

-3.14e0 7.245728e-1 2.988005e-1 2.988005e-1
-2.9789761e0 7.245728e-1 1.6305756e-1 1.6305756e-1
-2.8179523e0 7.245728e-1 1.21683e-3 1.21683e-3
-2.6569284e0 7.245728e-1 -1.7906934e-1 -1.7906934e-1
-2.4959045e0 7.245728e-1 -3.6781133e-1 -3.6781133e-1
-2.3348807e0 7.245728e-1 -5.5334808e-1 -5.5334808e-1
-2.1738568e0 7.245728e-1 -7.2360555e-1 -7.2360555e-1
-2.012833e0 7.245728e-1 -8.6692014e-1 -8.6692014e-1
-1.8518091e0 7.245728e-1 -9.7318135e-1 -9.7318135e-1
-1.6907852e0 7.245728e-1 -1.03473213e0 -1.03473213e0
-1.5297614e0 7.245728e-1 -1.04703761e0 -1.04703761e0
-1.3687375e0 7.245728e-1 -1.00928197e0 -1.00928197e0
-1.2077136e0 7.245728e-1 -9.2417944e-1 -9.2417944e-1
-1.0466898e0 7.245728e-1 -7.9794597e-1 -7.9794597e-1
-8.856659e-1 7.245728e-1 -6.3948518e-1 -6.3948518e-1
-7.24642e-1 7.245728e-1 -4.5992076e-1 -4.5992076e-1
-5.636182e-1 7.245728e-1 -2.7125206e-1 -2.7125206e-1
-4.025943e-1 7.245728e-1 -8.545241e-2 -8.545241e-2
-2.415704e-1 7.245728e-1 8.65538e-2 8.65538e-2
-8.05466e-2 7.245728e-1 2.3587517e-1 2.3587517e-1
8.04773e-2 7.245728e-1 3.5629793e-1 3.5629793e-1
2.415012e-1 7.245728e-1 4.447193e-1 4.447193e-1
4.02525e-1 7.245728e-1 5.0121947e-1 5.0121947e-1
5.635489e-1 7.245728e-1 5.287196e-1 5.287196e-1
7.245728e-1 7.245728e-1 5.3264528e-1 5.3264528e-1
8.855966e-1 7.245728e-1 5.1999963e-1 5.1999963e-1
1.0466205e0 7.245728e-1 4.9849062e-1 4.9849062e-1
1.2076443e0 7.245728e-1 4.7559088e-1 4.7559088e-1
1.3686682e0 7.245728e-1 4.5763287e-1 4.5763287e-1
1.5296921e0 7.245728e-1 4.490926e-1 4.490926e-1
1.690716e0 7.245728e-1 4.5192216e-1 4.5192216e-1
1.8517398e0 7.245728e-1 4.6547635e-1 4.6547635e-1
2.0127637e0 7.245728e-1 4.8653053e-1 4.8653053e-1
2.1737875e0 7.245728e-1 5.0962903e-1 5.0962903e-1
2.3348114e0 7.245728e-1 5.2778355e-1 5.2778355e-1
2.4958353e0 7.245728e-1 5.3327325e-1 5.3327325e-1
2.6568591e0 7.245728e-1 5.1857324e-1 5.1857324e-1
2.817883e0 7.245728e-1 4.7743459e-1 4.7743459e-1
2.9789069e0 7.245728e-1 4.0549335e-1 4.0549335e-1
3.1399307e0 7.245728e-1 3.0122638e-1 3.0122638e-1

-3.14e0 8.855966e-1 2.9898483e-1 2.9898483e-1
-2.9789761e0 8.855966e-1 1.8182431e-1 1.8182431e-1
-2.8179523e0 8.855966e-1 3.808258e-2 3.808258e-2
-2.6569284e0 8.855966e-1 -1.2505986e-1 -1.2505986e-1
-2.4959045e0 8.855966e-1 -2.9805043e-1 -2.9805043e-1
-2.3348807e0 8.855966e-1 -4.6964893e-1 -4.6964893e-1
-2.1738568e0 8.855966e-1 -6.281314e-1 -6.281314e-1
-2.012833e0 8.855966e-1 -7.6213794e-1 -7.6213794e-1
-1.8518091e0 8.855966e-1 -8.6180159e-1 -8.6180159e-1
-1.6907852e0 8.855966e-1 -9.1963681e-1 -9.1963681e-1
-1.5297614e0 8.855966e-1 -9.3121078e-1 -9.3121078e-1
-1.3687375e0 8.855966e-1 -8.9571692e-1 -8.9571692e-1
-1.2077136e0 8.855966e-1 -8.1581384e-1 -8.1581384e-1
-1.0466898e0 8.855966e-1 -6.9757956e-1 -6.9757956e-1
-8.856659e-1 8.855966e-1 -5.4972173e-1 -5.4972173e-1
-7.24642e-1 8.855966e-1 -3.8307886e-1 -3.8307886e-1
-5.636182e-1 8.855966e-1 -2.0931876e-1 -2.0931876e-1
-4.025943e-1 8.855966e-1 -4.003334e-2 -4.003334e-2
-2.415704e-1 8.855966e-1 1.1428427e-1 1.1428427e-1
-8.05466e-2 8.855966e-1 2.4520059e-1 2.4520059e-1
8.04773e-2 8.855966e-1 3.4697946e-1 3.4697946e-1
2.415012e-1 8.855966e-1 4.169958e-1 4.169958e-1
4.02525e-1 8.855966e-1 4.5580504e-1 4.5580504e-1
5.635489e-1 8.855966e-1 4.6679443e-1 4.6679443e-1
7.245728e-1 8.855966e-1 4.5580919e-1 4.5580919e-1
8.855966e-1 8.855966e-1 4.3023967e-1 4.3023967e-1
1.0466205e0 8.855966e-1 3.9812766e-1 3.9812766e-1
1.2076443e0 8.855966e-1 3.6722644e-1 3.6722644e-1
1.3686682e0 8.855966e-1 3.4407014e-1 3.4407014e-1
1.5296921e0 8.855966e-1 3.3326578e-1 3.3326578e-1
1.690716e0 8.855966e-1 3.3682916e-1 3.3682916e-1
1.8517398e0 8.855966e-1 3.5409659e-1 3.5409659e-1
2.0127637e0 8.855966e-1 3.8174487e-1 3.8174487e-1
2.1737875e0 8.855966e-1 4.1414906e-1 4.1414906e-1
2.3348114e0 8.855966e-1 4.440786e-1 4.440786e-1
2.4958353e0 8.855966e-1 4.6350772e-1 4.6350772e-1
2.6568591e0 8.855966e-1 4.6455681e-1 4.6455681e-1
2.817883e0 8.855966e-1 4.4056071e-1 4.4056071e-1
2.9789069e0 8.855966e-1 3.8671964e-1 3.8671964e-1
3.1399307e0 8.855966e-1 3.010351e-1 3.010351e-1

-3.14e0 1.0466205e0 2.991952e-1 2.991952e-1
-2.9789761e0 1.0466205e0 2.0324268e-1 2.0324268e-1
-2.8179523e0 1.0466205e0 8.015717e-2 8.015717e-2
-2.6569284e0 1.0466205e0 -6.341927e-2 -6.341927e-2
-2.4959045e0 1.0466205e0 -2.1843286e-1 -2.1843286e-1
-2.3348807e0 1.0466205e0 -3.7412373e-1 -3.7412373e-1
-2.1738568e0 1.0466205e0 -5.1916747e-1 -5.1916747e-1
-2.012833e0 1.0466205e0 -6.4255084e-1 -6.4255084e-1
-1.8518091e0 1.0466205e0 -7.3468474e-1 -7.3468474e-1
-1.6907852e0 1.0466205e0 -7.8827942e-1 -7.8827942e-1
-1.5297614e0 1.0466205e0 -7.9901851e-1 -7.9901851e-1
-1.3687375e0 1.0466205e0 -7.66106e-1 -7.66106e-1
-1.2077136e0 1.0466205e0 -6.9213704e-1 -6.9213704e-1
-1.0466898e0 1.0466205e0 -5.8303215e-1 -5.8303215e-1
-8.856659e-1 1.0466205e0 -4.4727539e-1 -4.4727539e-1
-7.24642e-1 1.0466205e0 -2.9537979e-1 -2.9537979e-1
-5.636182e-1 1.0466205e0 -1.3863477e-1 -1.3863477e-1
-4.025943e-1 1.0466205e0 1.180307e-2 1.180307e-2
-2.415704e-1 1.0466205e0 1.4593282e-1 1.4593282e-1
-8.05466e-2 1.0466205e0 2.5584361e-1 2.5584361e-1
8.04773e-2 1.0466205e0 3.3634439e-1 3.3634439e-1
2.415012e-1 1.0466205e0 3.8535518e-1 3.8535518e-1
4.02525e-1 1.0466205e0 4.0397392e-1 4.0397392e-1
5.635489e-1 1.0466205e0 3.961197e-1 3.961197e-1
7.245728e-1 1.0466205e0 3.6811674e-1 3.6811674e-1
8.855966e-1 1.0466205e0 3.277973e-1 3.277973e-1
1.0466205e0 1.0466205e0 2.8358421e-1 2.8358421e-1
1.2076443e0 1.0466205e0 2.4355096e-1 2.4355096e-1
1.3686682e0 1.0466205e0 2.144619e-1 2.144619e-1
1.5296921e0 1.0466205e0 2.010735e-1 2.010735e-1
1.690716e0 1.0466205e0 2.0547441e-1 2.0547441e-1
1.8517398e0 1.0466205e0 2.2697974e-1 2.2697974e-1
2.0127637e0 1.0466205e0 2.6215381e-1 2.6215381e-1
2.1737875e0 1.0466205e0 3.0517853e-1 3.0517853e-1
2.3348114e0 1.0466205e0 3.4854678e-1 3.4854678e-1
2.4958353e0 1.0466205e0 3.8388486e-1 3.8388486e-1
2.6568591e0 1.0466205e0 4.0290828e-1 4.0290828e-1
2.817883e0 1.0466205e0 3.9847685e-1 3.9847685e-1
2.9789069e0 1.0466205e0 3.6529333e-1 3.6529333e-1
3.1399307e0 1.0466205e0 3.0081679e-1 3.0081679e-1

-3.14e0 1.2076443e0 2.9942622e-1 2.9942622e-1
-2.9789761e0 1.2076443e0 2.267622e-1 2.267622e-1
-2.8179523e0 1.2076443e0 1.2635936e-1 1.2635936e-1
-2.6569284e0 1.2076443e0 4.26839e-3 4.26839e-3
-2.4959045e0 1.2076443e0 -1.3100465e-1 -1.3100465e-1
-2.3348807e0 1.2076443e0 -2.6922731e-1 -2.6922731e-1
-2.1738568e0 1.2076443e0 -3.9951396e-1 -3.9951396e-1
-2.012833e0 1.2076443e0 -5.1123201e-1 -5.1123201e-1
-1.8518091e0 1.2076443e0 -5.9509744e-1 -5.9509744e-1
-1.6907852e0 1.2076443e0 -6.4403558e-1 -6.4403558e-1
-1.5297614e0 1.2076443e0 -6.5385791e-1 -6.5385791e-1
-1.3687375e0 1.2076443e0 -6.2377998e-1 -6.2377998e-1
-1.2077136e0 1.2076443e0 -5.5632727e-1 -5.5632727e-1
-1.0466898e0 1.2076443e0 -4.572474e-1 -4.572474e-1
-8.856659e-1 1.2076443e0 -3.3477887e-1 -3.3477887e-1
-7.24642e-1 1.2076443e0 -1.9907727e-1 -1.9907727e-1
-5.636182e-1 1.2076443e0 -6.101653e-2 -6.101653e-2
-4.025943e-1 1.2076443e0 6.872475e-2 6.872475e-2
-2.415704e-1 1.2076443e0 1.8068617e-1 1.8068617e-1
-8.05466e-2 1.2076443e0 2.6753073e-1 2.6753073e-1
8.04773e-2 1.2076443e0 3.2466599e-1 3.2466599e-1
2.415012e-1 1.2076443e0 3.5061053e-1 3.5061053e-1
4.02525e-1 1.2076443e0 3.4705806e-1 3.4705806e-1
5.635489e-1 1.2076443e0 3.1851164e-1 3.1851164e-1
7.245728e-1 1.2076443e0 2.7182149e-1 2.7182149e-1
8.855966e-1 1.2076443e0 2.1530515e-1 2.1530515e-1
1.0466205e0 1.2076443e0 1.5780382e-1 1.5780382e-1
1.2076443e0 1.2076443e0 1.0774268e-1 1.0774268e-1
1.3686682e0 1.2076443e0 7.213881e-2 7.213881e-2
1.5296921e0 1.2076443e0 5.59129e-2 5.59129e-2
1.690716e0 1.2076443e0 6.123349e-2 6.123349e-2
1.8517398e0 1.2076443e0 8.739244e-2 8.739244e-2
2.0127637e0 1.2076443e0 1.3083063e-1 1.3083063e-1
2.1737875e0 1.2076443e0 1.8551775e-1 1.8551775e-1
2.3348114e0 1.2076443e0 2.4364311e-1 2.4364311e-1
2.4958353e0 1.2076443e0 2.9645084e-1 2.9645084e-1
2.6568591e0 1.2076443e0 3.3521191e-1 3.3521191e-1
2.817883e0 1.2076443e0 3.5226448e-1 3.5226448e-1
2.9789069e0 1.2076443e0 3.4176509e-1 3.4176509e-1
3.1399307e0 1.2076443e0 3.0057706e-1 3.0057706e-1

-3.14e0 1.3686682e0 2.9967183e-1 2.9967183e-1
-2.9789761e0 1.3686682e0 2.5176782e-1 2.5176782e-1
-2.8179523e0 1.3686682e0 1.7548085e-1 1.7548085e-1
-2.6569284e0 1.3686682e0 7.623291e-2 7.623291e-2
-2.4959045e0 1.3686682e0 -3.805229e-2 -3.805229e-2
-2.3348807e0 1.3686682e0 -1.5770302e-1 -1.5770302e-1
-2.1738568e0 1.3686682e0 -2.7230016e-1 -2.7230016e-1
-2.012833e0 1.3686682e0 -3.7161578e-1 -3.7161578e-1
-1.8518091e0 1.3686682e0 -4.4669034e-1 -4.4669034e-1
-1.6907852e0 1.3686682e0 -4.906777e-1 -4.906777e-1
-1.5297614e0 1.3686682e0 -4.9952533e-1 -4.9952533e-1
-1.3687375e0 1.3686682e0 -4.724611e-1 -4.724611e-1
-1.2077136e0 1.3686682e0 -4.1193637e-1 -4.1193637e-1
-1.0466898e0 1.3686682e0 -3.2351495e-1 -3.2351495e-1
-8.856659e-1 1.3686682e0 -2.1517424e-1 -2.1517424e-1
-7.24642e-1 1.3686682e0 -9.668988e-2 -9.668988e-2
-5.636182e-1 1.3686682e0 2.150601e-2 2.150601e-2
-4.025943e-1 1.3686682e0 1.2924303e-1 1.2924303e-1
-2.415704e-1 1.3686682e0 2.176354e-1 2.176354e-1
-8.05466e-2 1.3686682e0 2.799563e-1 2.799563e-1
8.04773e-2 1.3686682e0 3.1224968e-1 3.1224968e-1
2.415012e-1 1.3686682e0 3.1367056e-1 3.1367056e-1
4.02525e-1 1.3686682e0 2.8654594e-1 2.8654594e-1
5.635489e-1 1.3686682e0 2.3599991e-1 2.3599991e-1
7.245728e-1 1.3686682e0 1.6944182e-1 1.6944182e-1
8.855966e-1 1.3686682e0 9.570517e-2 9.570517e-2
1.0466205e0 1.3686682e0 2.407599e-2 2.407599e-2
1.2076443e0 1.3686682e0 -3.664667e-2 -3.664667e-2
1.3686682e0 1.3686682e0 -7.917696e-2 -7.917696e-2
1.5296921e0 1.3686682e0 -9.841968e-2 -9.841968e-2
1.690716e0 1.3686682e0 -9.21213e-2 -9.21213e-2
1.8517398e0 1.3686682e0 -6.101466e-2 -6.101466e-2
2.0127637e0 1.3686682e0 -8.79022e-3 -8.79022e-3
2.1737875e0 1.3686682e0 5.82962e-2 5.82962e-2
2.3348114e0 1.3686682e0 1.3211108e-1 1.3211108e-1
2.4958353e0 1.3686682e0 2.0349231e-1 2.0349231e-1
2.6568591e0 1.3686682e0 2.6323813e-1 2.6323813e-1
2.817883e0 1.3686682e0 3.0313217e-1 3.0313217e-1
2.9789069e0 1.3686682e0 3.1675021e-1 3.1675021e-1
3.1399307e0 1.3686682e0 3.0032217e-1 3.0032217e-1

-3.14e0 1.5296921e0 2.9992567e-1 2.9992567e-1
-2.9789761e0 1.5296921e0 2.7761197e-1 2.7761197e-1
-2.8179523e0 1.5296921e0 2.2624956e-1 2.2624956e-1
-2.6569284e0 1.5296921e0 1.5061064e-1 1.5061064e-1
-2.4959045e0 1.5296921e0 5.8017091e-2 5.8017091e-2
-2.3348807e0 1.5296921e0 -4.243894e-2 -4.243894e-2
-2.1738568e0 1.5296921e0 -1.408204e-1 -1.408204e-1
-2.012833e0 1.5296921e0 -2.2731773e-1 -2.2731773e-1
-1.8518091e0 1.5296921e0 -2.9330663e-1 -2.9330663e-1
-1.6907852e0 1.5296921e0 -3.3217722e-1 -3.3217722e-1
-1.5297614e0 1.5296921e0 -3.4001744e-1 -3.4001744e-1
-1.3687375e0 1.5296921e0 -3.1606796e-1 -3.1606796e-1
-1.2077136e0 1.5296921e0 -2.6270354e-1 -2.6270354e-1
-1.0466898e0 1.5296921e0 -1.8529799e-1 -1.8529799e-1
-8.856659e-1 1.5296921e0 -9.1558858e-2 -9.1558858e-2
-7.24642e-1 1.5296921e0 9.130927e-3 9.130927e-3
-5.636182e-1 1.5296921e0 1.0679584e-1 1.0679584e-1
-4.025943e-1 1.5296921e0 1.9179068e-1 1.9179068e-1
-2.415704e-1 1.5296921e0 2.5582368e-1 2.5582368e-1
-8.05466e-2 1.5296921e0 2.9279854e-1 2.9279854e-1
8.04773e-2 1.5296921e0 2.99417e-1 2.99417e-1
2.415012e-1 1.5296921e0 2.7549187e-1 2.7549187e-1
4.02525e-1 1.5296921e0 2.2400467e-1 2.2400467e-1
5.635489e-1 1.5296921e0 1.5072127e-1 1.5072127e-1
7.245728e-1 1.5296921e0 6.3629012e-2 6.3629012e-2
8.855966e-1 1.5296921e0 -2.7905421e-2 -2.7905421e-2
1.0466205e0 1.5296921e0 -1.141362e-1 -1.141362e-1
1.2076443e0 1.5296921e0 -1.858779e-1 -1.858779e-1
1.3686682e0 1.5296921e0 -2.3556688e-1 -2.3556688e-1
1.5296921e0 1.5296921e0 -2.5792757e-1 -2.5792757e-1
1.690716e0 1.5296921e0 -2.506186e-1 -2.506186e-1
1.8517398e0 1.5296921e0 -2.1439838e-1 -2.1439838e-1
2.0127637e0 1.5296921e0 -1.5309305e-1 -1.5309305e-1
2.1737875e0 1.5296921e0 -7.319153e-2 -7.319153e-2
2.3348114e0 1.5296921e0 1.6838994e-2 1.6838994e-2
2.4958353e0 1.5296921e0 1.07416542e-1 1.07416542e-1
2.6568591e0 1.5296921e0 1.8885083e-1 1.8885083e-1
2.817883e0 1.5296921e0 2.523523e-1 2.523523e-1
2.9789069e0 1.5296921e0 2.9089648e-1 2.9089648e-1
3.1399307e0 1.5296921e0 3.0005876e-1 3.0005876e-1

-3.14e0 1.690716e0 3.0018115e-1 3.0018115e-1
-2.9789761e0 1.690716e0 3.0362445e-1 3.0362445e-1
-2.8179523e0 1.690716e0 2.7734895e-1 2.7734895e-1
-2.6569284e0 1.690716e0 2.2547287e-1 2.2547287e-1
-2.4959045e0 1.690716e0 1.54712296e-1 1.54712296e-1
-2.3348807e0 1.690716e0 7.3576012e-2 7.3576012e-2
-2.1738568e0 1.690716e0 -8.48419e-3 -8.48419e-3
-2.012833e0 1.690716e0 -8.20797e-2 -8.20797e-2
-1.8518091e0 1.690716e0 -1.3892374e-1 -1.3892374e-1
-1.6907852e0 1.690716e0 -1.726442e-1 -1.726442e-1
-1.5297614e0 1.690716e0 -1.7947049e-1 -1.7947049e-1
-1.3687375e0 1.690716e0 -1.5865605e-1 -1.5865605e-1
-1.2077136e0 1.690716e0 -1.1249858e-1 -1.1249858e-1
-1.0466898e0 1.690716e0 -4.618065e-2 -4.618065e-2
-8.856659e-1 1.690716e0 3.2861794e-2 3.2861794e-2
-7.24642e-1 1.690716e0 1.15641077e-1 1.15641077e-1
-5.636182e-1 1.690716e0 1.9264125e-1 1.9264125e-1
-4.025943e-1 1.690716e0 2.5474577e-1 2.5474577e-1
-2.415704e-1 1.690716e0 2.9426071e-1 2.9426071e-1
-8.05466e-2 1.690716e0 3.0572443e-1 3.0572443e-1
8.04773e-2 1.690716e0 2.8650076e-1 2.8650076e-1
2.415012e-1 1.690716e0 2.3706447e-1 2.3706447e-1
4.02525e-1 1.690716e0 1.61056e-1 1.61056e-1
5.635489e-1 1.690716e0 6.488712e-2 6.488712e-2
7.245728e-1 1.690716e0 -4.2873097e-2 -4.2873097e-2
8.855966e-1 1.690716e0 -1.52321242e-1 -1.52321242e-1
1.0466205e0 1.690716e0 -2.5324875e-1 -2.5324875e-1
1.2076443e0 1.690716e0 -3.3608124e-1 -3.3608124e-1
1.3686682e0 1.690716e0 -3.9297556e-1 -3.9297556e-1
1.5296921e0 1.690716e0 -4.1847452e-1 -4.1847452e-1
1.690716e0 1.690716e0 -4.101484e-1 -4.101484e-1
1.8517398e0 1.690716e0 -3.6878127e-1 -3.6878127e-1
2.0127637e0 1.690716e0 -2.9833588e-1 -2.9833588e-1
2.1737875e0 1.690716e0 -2.0553578e-1 -2.0553578e-1
2.3348114e0 1.690716e0 -9.9184003e-2 -9.9184003e-2
2.4958353e0 1.690716e0 1.0714914e-2 1.0714914e-2
2.6568591e0 1.690716e0 1.1397896e-1 1.1397896e-1
2.817883e0 1.690716e0 2.0124164e-1 2.0124164e-1
2.9789069e0 1.690716e0 2.6487437e-1 2.6487437e-1
3.1399307e0 1.690716e0 2.9979364e-1 2.9979364e-1

-3.14e0 1.8517398e0 3.004318e-1 3.004318e-1
-2.9789761e0 1.8517398e0 3.291416e-1 3.291416e-1
-2.8179523e0 1.8517398e0 3.2747531e-1 3.2747531e-1
-2.6569284e0 1.8517398e0 2.9890953e-1 2.9890953e-1
-2.4959045e0 1.8517398e0 2.4956616e-1 2.4956616e-1
-2.3348807e0 1.8517398e0 1.8738173e-1 1.8738173e-1
-2.1738568e0 1.8517398e0 1.21332e-1 1.21332e-1
-2.012833e0 1.8517398e0 6.039261e-2 6.039261e-2
-1.8518091e0 1.8517398e0 1.251929e-2 1.251929e-2
-1.6907852e0 1.8517398e0 -1.614914e-2 -1.614914e-2
-1.5297614e0 1.8517398e0 -2.198077e-2 -2.198077e-2
-1.3687375e0 1.8517398e0 -4.2417e-3 -4.2417e-3
-1.2077136e0 1.8517398e0 3.484608e-2 3.484608e-2
-1.0466898e0 1.8517398e0 9.028752e-2 9.028752e-2
-8.856659e-1 1.8517398e0 1.5491313e-1 1.5491313e-1
-7.24642e-1 1.8517398e0 2.2012299e-1 2.2012299e-1
-5.636182e-1 1.8517398e0 2.7685193e-1 2.7685193e-1
-4.025943e-1 1.8517398e0 3.1650206e-1 3.1650206e-1
-2.415704e-1 1.8517398e0 3.319658e-1 3.319658e-1
-8.05466e-2 1.8517398e0 3.1840419e-1 3.1840419e-1
8.04773e-2 1.8517398e0 2.7383046e-1 2.7383046e-1
2.415012e-1 1.8517398e0 1.9936884e-1 1.9936884e-1
4.02525e-1 1.8517398e0 9.930602e-2 9.930602e-2
5.635489e-1 1.8517398e0 -1.931253e-2 -1.931253e-2
7.245728e-1 1.8517398e0 -1.473471e-1 -1.473471e-1
8.855966e-1 1.8517398e0 -2.7436784e-1 -2.7436784e-1
1.0466205e0 1.8517398e0 -3.897122e-1 -3.897122e-1
1.2076443e0 1.8517398e0 -4.8342432e-1 -4.8342432e-1
1.3686682e0 1.8517398e0 -5.4738675e-1 -5.4738675e-1
1.5296921e0 1.8517398e0 -5.7596423e-1 -5.7596423e-1
1.690716e0 1.8517398e0 -5.6664032e-1 -5.6664032e-1
1.8517398e0 1.8517398e0 -5.2022429e-1 -5.2022429e-1
2.0127637e0 1.8517398e0 -4.4081291e-1 -4.4081291e-1
2.1737875e0 1.8517398e0 -3.3535986e-1 -3.3535986e-1
2.3348114e0 1.8517398e0 -2.1299759e-1 -2.1299759e-1
2.4958353e0 1.8517398e0 -8.414525e-2 -8.414525e-2
2.6568591e0 1.8517398e0 4.053284e-2 4.053284e-2
2.817883e0 1.8517398e0 1.5110425e-1 1.5110425e-1
2.9789069e0 1.8517398e0 2.3934776e-1 2.3934776e-1
3.1399307e0 1.8517398e0 2.9953354e-1 2.9953354e-1

-3.14e0 2.0127637e0 3.00671e-1 3.00671e-1
-2.9789761e0 2.0127637e0 3.5349646e-1 3.5349646e-1
-2.8179523e0 2.0127637e0 3.753184e-1 3.753184e-1
-2.6569284e0 2.0127637e0 3.6900117e-1 3.6900117e-1
-2.4959045e0 2.0127637e0 3.4009944e-1 3.4009944e-1
-2.3348807e0 2.0127637e0 2.960036e-1 2.960036e-1
-2.1738568e0 2.0127637e0 2.4523508e-1 2.4523508e-1
-2.012833e0 2.0127637e0 1.9637532e-1 1.9637532e-1
-1.8518091e0 2.0127637e0 1.570641e-1 1.570641e-1
-1.6907852e0 2.0127637e0 1.332176e-1 1.332176e-1
-1.5297614e0 2.0127637e0 1.283353e-1 1.283353e-1
-1.3687375e0 2.0127637e0 1.4313911e-1 1.4313911e-1
-1.2077136e0 2.0127637e0 1.754792e-1 1.754792e-1
-1.0466898e0 2.0127637e0 2.205396e-1 2.205396e-1
-8.856659e-1 2.0127637e0 2.7140504e-1 2.7140504e-1
-7.24642e-1 2.0127637e0 3.1984575e-1 3.1984575e-1
-5.636182e-1 2.0127637e0 3.5722684e-1 3.5722684e-1
-4.025943e-1 2.0127637e0 3.7544534e-1 3.7544534e-1
-2.415704e-1 2.0127637e0 3.6795345e-1 3.6795345e-1
-8.05466e-2 2.0127637e0 3.305064e-1 3.305064e-1
8.04773e-2 2.0127637e0 2.6173729e-1 2.6173729e-1
2.415012e-1 2.0127637e0 1.6339021e-1 1.6339021e-1
4.02525e-1 2.0127637e0 4.036876e-2 4.036876e-2
5.635489e-1 2.0127637e0 -9.96769e-2 -9.96769e-2
7.245728e-1 2.0127637e0 -2.4706235e-1 -2.4706235e-1
8.855966e-1 2.0127637e0 -3.9085524e-1 -3.9085524e-1
1.0466205e0 2.0127637e0 -5.1995978e-1 -5.1995978e-1
1.2076443e0 2.0127637e0 -6.2405592e-1 -6.2405592e-1
1.3686682e0 2.0127637e0 -6.9476453e-1 -6.9476453e-1
1.5296921e0 2.0127637e0 -7.262803e-1 -7.262803e-1
1.690716e0 2.0127637e0 -7.1600406e-1 -7.1600406e-1
1.8517398e0 2.0127637e0 -6.647691e-1 -6.647691e-1
2.0127637e0 2.0127637e0 -5.7680013e-1 -5.7680013e-1
2.1737875e0 2.0127637e0 -4.5927048e-1 -4.5927048e-1
2.3348114e0 2.0127637e0 -3.21627e-1 -3.21627e-1
2.4958353e0 2.0127637e0 -1.7468454e-1 -1.7468454e-1
2.6568591e0 2.0127637e0 -2.956783e-2 -2.956783e-2
2.817883e0 2.0127637e0 1.032506e-1 1.032506e-1
2.9789069e0 2.0127637e0 2.149839e-1 2.149839e-1
3.1399307e0 2.0127637e0 2.9928531e-1 2.9928531e-1

-3.14e0 2.1737875e0 3.008926e-1 3.008926e-1
-2.9789761e0 2.1737875e0 3.7605766e-1 3.7605766e-1
-2.8179523e0 2.1737875e0 4.1963806e-1 4.1963806e-1
-2.6569284e0 2.1737875e0 4.3393085e-1 4.3393085e-1
-2.4959045e0 2.1737875e0 4.2396532e-1 4.2396532e-1
-2.3348807e0 2.1737875e0 3.9662592e-1 3.9662592e-1
-2.1738568e0 2.1737875e0 3.600132e-1 3.600132e-1
-2.012833e0 2.1737875e0 3.2234348e-1 3.2234348e-1
-1.8518091e0 2.1737875e0 2.9096379e-1 2.9096379e-1
-1.6907852e0 2.1737875e0 2.715841e-1 2.715841e-1
-1.5297614e0 2.1737875e0 2.675812e-1 2.675812e-1
-1.3687375e0 2.1737875e0 2.7966595e-1 2.7966595e-1
-1.2077136e0 2.1737875e0 3.057553e-1 3.057553e-1
-1.0466898e0 2.1737875e0 3.4119913e-1 3.4119913e-1
-8.856659e-1 2.1737875e0 3.7931783e-1 3.7931783e-1
-7.24642e-1 2.1737875e0 4.1222435e-1 4.1222435e-1
-5.636182e-1 2.1737875e0 4.3168246e-1 4.3168246e-1
-4.025943e-1 2.1737875e0 4.300477e-1 4.300477e-1
-2.415704e-1 2.1737875e0 4.0129074e-1 4.0129074e-1
-8.05466e-2 2.1737875e0 3.417173e-1 3.417173e-1
8.04773e-2 2.1737875e0 2.5053473e-1 2.5053473e-1
2.415012e-1 2.1737875e0 1.3006128e-1 1.3006128e-1
4.02525e-1 2.1737875e0 -1.422803e-2 -1.422803e-2
5.635489e-1 2.1737875e0 -1.7412276e-1 -1.7412276e-1
7.245728e-1 2.1737875e0 -3.3943398e-1 -3.3943398e-1
8.855966e-1 2.1737875e0 -4.9876382e-1 -4.9876382e-1
1.0466205e0 2.1737875e0 -6.4061514e-1 -6.4061514e-1
1.2076443e0 2.1737875e0 -7.5433061e-1 -7.5433061e-1
1.3686682e0 2.1737875e0 -8.3128854e-1 -8.3128854e-1
1.5296921e0 2.1737875e0 -8.6552621e-1 -8.6552621e-1
1.690716e0 2.1737875e0 -8.5436777e-1 -8.5436777e-1
1.8517398e0 2.1737875e0 -7.986688e-1 -7.986688e-1
2.0127637e0 2.1737875e0 -7.0277245e-1 -7.0277245e-1
2.1737875e0 2.1737875e0 -5.7405557e-1 -5.7405557e-1
2.3348114e0 2.1737875e0 -4.2225629e-1 -4.2225629e-1
2.4958353e0 2.1737875e0 -2.58556e-1 -2.58556e-1
2.6568591e0 2.1737875e0 -9.450584e-2 -9.450584e-2
2.817883e0 2.1737875e0 5.892119e-2 5.892119e-2
2.9789069e0 2.1737875e0 1.9241432e-1 1.9241432e-1
3.1399307e0 2.1737875e0 2.9905534e-1 2.9905534e-1

-3.14e0 2.3348114e0 3.0109093e-1 3.0109093e-1
-2.9789761e0 2.3348114e0 3.9624898e-1 3.9624898e-1
-2.8179523e0 2.3348114e0 4.5930223e-1 4.5930223e-1
-2.6569284e0 2.3348114e0 4.9204008e-1 4.9204008e-1
-2.4959045e0 2.3348114e0 4.9902164e-1 4.9902164e-1
-2.3348807e0 2.3348114e0 4.8667854e-1 4.8667854e-1
-2.1738568e0 2.3348114e0 4.6273465e-1 4.6273465e-1
-2.012833e0 2.3348114e0 4.3507951e-1 4.3507951e-1
-1.8518091e0 2.3348114e0 4.107982e-1 4.107982e-1
-1.6907852e0 2.3348114e0 3.9541612e-1 3.9541612e-1
-1.5297614e0 2.3348114e0 3.9220027e-1 3.9220027e-1
-1.3687375e0 2.3348114e0 4.0185153e-1 4.0185153e-1
-1.2077136e0 2.3348114e0 4.2234674e-1 4.2234674e-1
-1.0466898e0 2.3348114e0 4.4918419e-1 4.4918419e-1
-8.856659e-1 2.3348114e0 4.7589507e-1 4.7589507e-1
-7.24642e-1 2.3348114e0 4.9489919e-1 4.9489919e-1
-5.636182e-1 2.3348114e0 4.9831702e-1 4.9831702e-1
-4.025943e-1 2.3348114e0 4.7891444e-1 4.7891444e-1
-2.415704e-1 2.3348114e0 4.3112616e-1 4.3112616e-1
-8.05466e-2 2.3348114e0 3.517506e-1 3.517506e-1
8.04773e-2 2.3348114e0 2.4050893e-1 2.4050893e-1
2.415012e-1 2.3348114e0 1.0023332e-1 1.0023332e-1
4.02525e-1 2.3348114e0 -6.308978e-2 -6.308978e-2
5.635489e-1 2.3348114e0 -2.4074857e-1 -2.4074857e-1
7.245728e-1 2.3348114e0 -4.2210257e-1 -4.2210257e-1
8.855966e-1 2.3348114e0 -5.9533731e-1 -5.9533731e-1
1.0466205e0 2.3348114e0 -7.4859647e-1 -7.4859647e-1
1.2076443e0 2.3348114e0 -8.7092079e-1 -8.7092079e-1
1.3686682e0 2.3348114e0 -9.5347162e-1 -9.5347162e-1
1.5296921e0 2.3348114e0 -9.9014528e-1 -9.9014528e-1
1.690716e0 2.3348114e0 -9.781973e-1 -9.781973e-1
1.8517398e0 2.3348114e0 -9.185032e-1 -9.185032e-1
2.0127637e0 2.3348114e0 -8.155122e-1 -8.155122e-1
2.1737875e0 2.3348114e0 -6.7678326e-1 -6.7678326e-1
2.3348114e0 2.3348114e0 -5.1231516e-1 -5.1231516e-1
2.4958353e0 2.3348114e0 -3.3361731e-1 -3.3361731e-1
2.6568591e0 2.3348114e0 -1.5262257e-1 -1.5262257e-1
2.817883e0 2.3348114e0 1.924829e-2 1.924829e-2
2.9789069e0 2.3348114e0 1.7221553e-1 1.7221553e-1
3.1399307e0 2.3348114e0 2.9884953e-1 2.9884953e-1

-3.14e0 2.4958353e0 3.0126083e-1 3.0126083e-1
-2.9789761e0 2.4958353e0 4.1354749e-1 4.1354749e-1
-2.8179523e0 2.4958353e0 4.9328372e-1 4.9328372e-1
-2.6569284e0 2.4958353e0 5.4182405e-1 5.4182405e-1
-2.4959045e0 2.4958353e0 5.6332468e-1 5.6332468e-1
-2.3348807e0 2.4958353e0 5.6382935e-1 5.6382935e-1
-2.1738568e0 2.4958353e0 5.5073923e-1 5.5073923e-1
-2.012833e0 2.4958353e0 5.316639e-1 5.316639e-1
-1.8518091e0 2.4958353e0 5.1346399e-1 5.1346399e-1
-1.6907852e0 2.4958353e0 5.0150677e-1 5.0150677e-1
-1.5297614e0 2.4958353e0 4.9896521e-1 4.9896521e-1
-1.3687375e0 2.4958353e0 5.0653165e-1 5.0653165e-1
-1.2077136e0 2.4958353e0 5.2223418e-1 5.2223418e-1
-1.0466898e0 2.4958353e0 5.4169827e-1 5.4169827e-1
-8.856659e-1 2.4958353e0 5.5863574e-1 5.5863574e-1
-7.24642e-1 2.4958353e0 5.6572923e-1 5.6572923e-1
-5.636182e-1 2.4958353e0 5.5540486e-1 5.5540486e-1
-4.025943e-1 2.4958353e0 5.2078006e-1 5.2078006e-1
-2.415704e-1 2.4958353e0 4.5668709e-1 4.5668709e-1
-8.05466e-2 2.4958353e0 3.6034642e-1 3.6034642e-1
8.04773e-2 2.4958353e0 2.3191951e-1 2.3191951e-1
2.415012e-1 2.4958353e0 7.467882e-2 7.467882e-2
4.02525e-1 2.4958353e0 -1.0495114e-1 -1.0495114e-1
5.635489e-1 2.4958353e0 -2.9782893e-1 -2.9782893e-1
7.245728e-1 2.4958353e0 -4.9292728e-1 -4.9292728e-1
8.855966e-1 2.4958353e0 -6.7807477e-1 -6.7807477e-1
1.0466205e0 2.4958353e0 -8.4110736e-1 -8.4110736e-1
1.2076443e0 2.4958353e0 -9.7080716e-1 -9.7080716e-1
1.3686682e0 2.4958353e0 -1.05814957e0 -1.05814957e0
1.5296921e0 2.4958353e0 -1.09691022e0 -1.09691022e0
1.690716e0 2.4958353e0 -1.08428581e0 -1.08428581e0
1.8517398e0 2.4958353e0 -1.02116899e0 -1.02116899e0
2.0127637e0 2.4958353e0 -9.120998e-1 -9.120998e-1
2.1737875e0 2.4958353e0 -7.647932e-1 -7.647932e-1
2.3348114e0 2.4958353e0 -5.8947131e-1 -5.8947131e-1
2.4958353e0 2.4958353e0 -3.9792462e-1 -3.9792462e-1
2.6568591e0 2.4958353e0 -2.0241293e-1 -2.0241293e-1
2.817883e0 2.4958353e0 -1.474069e-2 -1.474069e-2
2.9789069e0 2.4958353e0 1.5491061e-1 1.5491061e-1
3.1399307e0 2.4958353e0 2.9867322e-1 2.9867322e-1

-3.14e0 2.6568591e0 3.0139775e-1 3.0139775e-1
-2.9789761e0 2.6568591e0 4.274886e-1 4.274886e-1
-2.8179523e0 2.6568591e0 5.2066989e-1 5.2066989e-1
-2.6569284e0 2.6568591e0 5.8194563e-1 5.8194563e-1
-2.4959045e0 2.6568591e0 6.1514738e-1 6.1514738e-1
-2.3348807e0 2.6568591e0 6.2600627e-1 6.2600627e-1
-2.1738568e0 2.6568591e0 6.2166335e-1 6.2166335e-1
-2.012833e0 2.6568591e0 6.095026e-1 6.095026e-1
-1.8518091e0 2.6568591e0 5.9620378e-1 5.9620378e-1
-1.6907852e0 2.6568591e0 5.870067e-1 5.870067e-1
-1.5297614e0 2.6568591e0 5.8500854e-1 5.8500854e-1
-1.3687375e0 2.6568591e0 5.9089479e-1 5.9089479e-1
-1.2077136e0 2.6568591e0 6.0273485e-1 6.0273485e-1
-1.0466898e0 2.6568591e0 6.1625665e-1 6.1625665e-1
-8.856659e-1 2.6568591e0 6.2531758e-1 6.2531758e-1
-7.24642e-1 2.6568591e0 6.2281216e-1 6.2281216e-1
-5.636182e-1 2.6568591e0 6.0141275e-1 6.0141275e-1
-4.025943e-1 2.6568591e0 5.5452016e-1 5.5452016e-1
-2.415704e-1 2.6568591e0 4.7728699e-1 4.7728699e-1
-8.05466e-2 2.6568591e0 3.6727391e-1 3.6727391e-1
8.04773e-2 2.6568591e0 2.249972e-1 2.249972e-1
2.415012e-1 2.6568591e0 5.408408e-2 5.408408e-2
4.02525e-1 2.6568591e0 -1.3868777e-1 -1.3868777e-1
5.635489e-1 2.6568591e0 -3.4383078e-1 -3.4383078e-1
7.245728e-1 2.6568591e0 -5.5000589e-1 -5.5000589e-1
8.855966e-1 2.6568591e0 -7.4475403e-1 -7.4475403e-1
1.0466205e0 2.6568591e0 -9.1566316e-1 -9.1566316e-1
1.2076443e0 2.6568591e0 -1.05130696e0 -1.05130696e0
1.3686682e0 2.6568591e0 -1.14251099e0 -1.14251099e0
1.5296921e0 2.6568591e0 -1.18295355e0 -1.18295355e0
1.690716e0 2.6568591e0 -1.16978401e0 -1.16978401e0
1.8517398e0 2.6568591e0 -1.10390878e0 -1.10390878e0
2.0127637e0 2.6568591e0 -9.8994106e-1 -9.8994106e-1
2.1737875e0 2.6568591e0 -8.3572162e-1 -8.3572162e-1
2.3348114e0 2.6568591e0 -6.5165254e-1 -6.5165254e-1
2.4958353e0 2.6568591e0 -4.4975076e-1 -4.4975076e-1
2.6568591e0 2.6568591e0 -2.4253969e-1 -2.4253969e-1
2.817883e0 2.6568591e0 -4.213289e-2 -4.213289e-2
2.9789069e0 2.6568591e0 1.4096434e-1 1.4096434e-1
3.1399307e0 2.6568591e0 2.9853111e-1 2.9853111e-1

-3.14e0 2.817883e0 3.014983e-1 3.014983e-1
-2.9789761e0 2.817883e0 4.3772588e-1 4.3772588e-1
-2.8179523e0 2.817883e0 5.4078018e-1 5.4078018e-1
-2.6569284e0 2.817883e0 6.1140782e-1 6.1140782e-1
-2.4959045e0 2.817883e0 6.53202e-1 6.53202e-1
-2.3348807e0 2.817883e0 6.716642e-1 6.716642e-1
-2.1738568e0 2.817883e0 6.7374457e-1 6.7374457e-1
-2.012833e0 2.817883e0 6.6666135e-1 6.6666135e-1
-1.8518091e0 2.817883e0 6.569615e-1 6.569615e-1
-1.6907852e0 2.817883e0 6.4979128e-1 6.4979128e-1
-1.5297614e0 2.817883e0 6.4819217e-1 6.4819217e-1
-1.3687375e0 2.817883e0 6.528446e-1 6.528446e-1
-1.2077136e0 2.817883e0 6.6184834e-1 6.6184834e-1
-1.0466898e0 2.817883e0 6.7100659e-1 6.7100659e-1
-8.856659e-1 2.817883e0 6.7428362e-1 6.7428362e-1
-7.24642e-1 2.817883e0 6.6472946e-1 6.6472946e-1
-5.636182e-1 2.817883e0 6.351974e-1 6.351974e-1
-4.025943e-1 2.817883e0 5.7929628e-1 5.7929628e-1
-2.415704e-1 2.817883e0 4.9241397e-1 4.9241397e-1
-8.05466e-2 2.817883e0 3.7236093e-1 3.7236093e-1
8.04773e-2 2.817883e0 2.1991397e-1 2.1991397e-1
2.415012e-1 2.817883e0 3.896089e-2 3.896089e-2
4.02525e-1 2.817883e0 -1.6346138e-1 -1.6346138e-1
5.635489e-1 2.817883e0 -3.7761101e-1 -3.7761101e-1
7.245728e-1 2.817883e0 -5.9192003e-1 -5.9192003e-1
8.855966e-1 2.817883e0 -7.9371815e-1 -7.9371815e-1
1.0466205e0 2.817883e0 -9.7041121e-1 -9.7041121e-1
1.2076443e0 2.817883e0 -1.11041982e0 -1.11041982e0
1.3686682e0 2.817883e0 -1.20445953e0 -1.20445953e0
1.5296921e0 2.817883e0 -1.24613718e0 -1.24613718e0
1.690716e0 2.817883e0 -1.23256732e0 -1.23256732e0
1.8517398e0 2.817883e0 -1.1646665e0 -1.1646665e0
2.0127637e0 2.817883e0 -1.0471017e0 -1.0471017e0
2.1737875e0 2.817883e0 -8.87806e-1 -8.87806e-1
2.3348114e0 2.817883e0 -6.9731364e-1 -6.9731364e-1
2.4958353e0 2.817883e0 -4.878079e-1 -4.878079e-1
2.6568591e0 2.817883e0 -2.7200568e-1 -2.7200568e-1
2.817883e0 2.817883e0 -6.22476e-2 -6.22476e-2
2.9789069e0 2.817883e0 1.3072327e-1 1.3072327e-1
3.1399307e0 2.817883e0 2.9842677e-1 2.9842677e-1

-3.14e0 2.9789069e0 3.0155992e-1 3.0155992e-1
-2.9789761e0 2.9789069e0 4.4399873e-1 4.4399873e-1
-2.8179523e0 2.9789069e0 5.5310268e-1 5.5310268e-1
-2.6569284e0 2.9789069e0 6.2946068e-1 6.2946068e-1
-2.4959045e0 2.9789069e0 6.765198e-1 6.765198e-1
-2.3348807e0 2.9789069e0 6.9964093e-1 6.9964093e-1
-2.1738568e0 2.9789069e0 7.0565714e-1 7.0565714e-1
-2.012833e0 2.9789069e0 7.0168515e-1 7.0168515e-1
-1.8518091e0 2.9789069e0 6.9419057e-1 6.9419057e-1
-1.6907852e0 2.9789069e0 6.8826227e-1 6.8826227e-1
-1.5297614e0 2.9789069e0 6.8690767e-1 6.8690767e-1
-1.3687375e0 2.9789069e0 6.9080411e-1 6.9080411e-1
-1.2077136e0 2.9789069e0 6.980699e-1 6.980699e-1
-1.0466898e0 2.9789069e0 7.0455441e-1 7.0455441e-1
-8.856659e-1 2.9789069e0 7.0428734e-1 7.0428734e-1
-7.24642e-1 2.9789069e0 6.9041412e-1 6.9041412e-1
-5.636182e-1 2.9789069e0 6.5589882e-1 6.5589882e-1
-4.025943e-1 2.9789069e0 5.9447774e-1 5.9447774e-1
-2.415704e-1 2.9789069e0 5.0168297e-1 5.0168297e-1
-8.05466e-2 2.9789069e0 3.7547798e-1 3.7547798e-1
8.04773e-2 2.9789069e0 2.1679924e-1 2.1679924e-1
2.415012e-1 2.9789069e0 2.969421e-2 2.969421e-2
4.02525e-1 2.9789069e0 -1.786413e-1 -1.786413e-1
5.635489e-1 2.9789069e0 -3.9830971e-1 -3.9830971e-1
7.245728e-1 2.9789069e0 -6.1760275e-1 -6.1760275e-1
8.855966e-1 2.9789069e0 -8.2372073e-1 -8.2372073e-1
1.0466205e0 2.9789069e0 -1.00395787e0 -1.00395787e0
1.2076443e0 2.9789069e0 -1.14664099e0 -1.14664099e0
1.3686682e0 2.9789069e0 -1.24241824e0 -1.24241824e0
1.5296921e0 2.9789069e0 -1.28485268e0 -1.28485268e0
1.690716e0 2.9789069e0 -1.27103755e0 -1.27103755e0
1.8517398e0 2.9789069e0 -1.20189557e0 -1.20189557e0
2.0127637e0 2.9789069e0 -1.08212666e0 -1.08212666e0
2.1737875e0 2.9789069e0 -9.197205e-1 -9.197205e-1
2.3348114e0 2.9789069e0 -7.252923e-1 -7.252923e-1
2.4958353e0 2.9789069e0 -5.1112727e-1 -5.1112727e-1
2.6568591e0 2.9789069e0 -2.9006085e-1 -2.9006085e-1
2.817883e0 2.9789069e0 -7.457283e-2 -7.457283e-2
2.9789069e0 2.9789069e0 1.2444809e-1 1.2444809e-1
3.1399307e0 2.9789069e0 2.9836284e-1 2.9836284e-1

-3.14e0 3.1399307e0 3.0158095e-1 3.0158095e-1
-2.9789761e0 3.1399307e0 4.461388e-1 4.461388e-1
-2.8179523e0 3.1399307e0 5.5730666e-1 5.5730666e-1
-2.6569284e0 3.1399307e0 6.3561964e-1 6.3561964e-1
-2.4959045e0 3.1399307e0 6.8447499e-1 6.8447499e-1
-2.3348807e0 3.1399307e0 7.0918555e-1 7.0918555e-1
-2.1738568e0 3.1399307e0 7.1654451e-1 7.1654451e-1
-2.012833e0 3.1399307e0 7.1363397e-1 7.1363397e-1
-1.8518091e0 3.1399307e0 7.0689174e-1 7.0689174e-1
-1.6907852e0 3.1399307e0 7.0138715e-1 7.0138715e-1
-1.5297614e0 3.1399307e0 7.0011597e-1 7.0011597e-1
-1.3687375e0 3.1399307e0 7.0375449e-1 7.0375449e-1
-1.2077136e0 3.1399307e0 7.1042735e-1 7.1042735e-1
-1.0466898e0 3.1399307e0 7.1599968e-1 7.1599968e-1
-8.856659e-1 3.1399307e0 7.1452351e-1 7.1452351e-1
-7.24642e-1 3.1399307e0 6.9917679e-1 6.9917679e-1
-5.636182e-1 3.1399307e0 6.6296136e-1 6.6296136e-1
-4.025943e-1 3.1399307e0 5.996571e-1 5.996571e-1
-2.415704e-1 3.1399307e0 5.0484521e-1 5.0484521e-1
-8.05466e-2 3.1399307e0 3.765414e-1 3.765414e-1
8.04773e-2 3.1399307e0 2.1573662e-1 2.1573662e-1
2.415012e-1 3.1399307e0 2.653276e-2 2.653276e-2
4.02525e-1 3.1399307e0 -1.8382013e-1 -1.8382013e-1
5.635489e-1 3.1399307e0 -4.0537134e-1 -4.0537134e-1
7.245728e-1 3.1399307e0 -6.2636475e-1 -6.2636475e-1
8.855966e-1 3.1399307e0 -8.339565e-1 -8.339565e-1
1.0466205e0 3.1399307e0 -1.01540274e0 -1.01540274e0
1.2076443e0 3.1399307e0 -1.1589983e0 -1.1589983e0
1.3686682e0 3.1399307e0 -1.25536836e0 -1.25536836e0
1.5296921e0 3.1399307e0 -1.29806097e0 -1.29806097e0
1.690716e0 3.1399307e0 -1.28416216e0 -1.28416216e0
1.8517398e0 3.1399307e0 -1.21459674e0 -1.21459674e0
2.0127637e0 3.1399307e0 -1.09407588e0 -1.09407588e0
2.1737875e0 3.1399307e0 -9.3060855e-1 -9.3060855e-1
2.3348114e0 3.1399307e0 -7.3483759e-1 -7.3483759e-1
2.4958353e0 3.1399307e0 -5.1908298e-1 -5.1908298e-1
2.6568591e0 3.1399307e0 -2.9622061e-1 -2.9622061e-1
2.817883e0 3.1399307e0 -7.877773e-2 -7.877773e-2
2.9789069e0 3.1399307e0 1.2230724e-1 1.2230724e-1
3.1399307e0 3.1399307e0 2.9834102e-1 2.9834102e-1
